#  x
0.0115893
0.0115893
0.0115893
0.804493
0.804493
0.804493
0.804493
0.49323
-1.31514
-1.31514
-1.31514
0.398738
0.512397
0.407138
0.407138
0.407138
-0.533364
-0.533364
-0.304415
-0.304415
-1.00242
-0.00483236
-0.00483236
-0.00483236
-0.577209
-0.577209
0.911687
0.703024
-0.605773
0.482063
0.482063
1.44041
-0.0877684
1.05085
-0.696518
-0.696518
-0.696518
-1.16883
-1.16883
-0.788863
-1.27216
-1.27216
-0.625643
-0.625643
-0.656213
-0.864803
-0.244123
1.20522
0.401147
0.189985
0.364494
0.812947
1.4513
1.4513
0.168106
-0.389278
0.172955
0.40256
-0.510601
-0.510601
-1.15894
-0.962639
-0.962639
-0.915555
0.506066
-0.919601
-0.154712
0.439567
0.655329
0.320334
0.278025
0.278025
0.278025
0.73098
-0.903932
-0.745328
-0.745328
-1.02081
-0.992842
-0.992842
-0.992842
-0.992842
-0.0630993
-0.0630993
-0.573877
0.226825
-0.903664
-0.605885
-0.86657
-1.25306
-0.665386
-0.816018
-0.474793
0.660381
-0.679454
0.728275
0.520248
-1.04765
-1.04765
-0.997557
-0.882813
-0.882813
0.421281
0.562262
-0.954971
-0.947345
-0.947345
-0.947345
0.163329
-1.39607
-1.39607
-1.39607
-1.39607
-1.39607
-1.39607
-1.39607
-0.303546
-0.250572
-0.899826
0.43836
1.2327
-0.721308
-1.16172
0.378817
0.366753
-0.120509
0.130046
0.792608
-0.133449
-0.133449
-0.133449
-0.133449
-0.133449
-1.17791
-1.17791
-1.17791
0.308312
0.421262
0.913857
-0.789519
1.05096
-0.0293097
-0.371602
0.935759
0.935759
-0.894628
-0.894628
-0.380449
-0.0104443
-0.506482
-0.506482
0.937411
0.937411
0.401058
-0.49526
-0.862362
-1.39279
-1.39279
-1.06605
-1.07819
-0.503759
-0.278939
0.635573
-0.712766
-0.712766
-0.712766
-0.712766
-0.712766
-0.0220885
0.596732
0.395973
1.34705
0.19075
-1.46602
-0.497127
0.899164
-0.409056
-0.100524
0.626925
0.626925
0.626925
0.626925
0.626925
0.103497
0.103497
0.970885
-0.953145
-0.773371
-0.561816
0.96806
-0.819719
-0.819719
-1.26878
-1.26878
0.506449
0.506449
0.506449
0.506449
0.506449
0.506449
0.506449
0.123193
0.123193
-1.15318
0.751531
0.428022
0.428022
0.0356452
0.0356452
-0.393001
0.575385
-0.474565
-0.730881
0.0642859
-0.62075
-0.62075
0.800732
1.02153
-0.0541325
1.22234
0.542166
0.291799
0.227713
0.227713
1.2591
1.2591
1.03992
1.03992
0.544766
0.786374
0.0935968
-0.432097
-0.432097
-0.0763723
0.160873
-1.06069
-1.06069
0.575968
0.575968
0.30947
-0.209882
1.32112
-0.202047
-0.202047
-0.202047
0.351536
0.351536
0.733832
0.733832
-0.812659
0.957872
0.957872
-0.273325
-0.399383
0.86153
0.86153
-0.839592
-0.174758
0.571899
-0.0955311
-0.754124
0.00847102
0.300456
0.300456
0.300456
0.773597
-0.567583
-1.35506
-1.35506
-1.35506
-1.35506
-1.35506
-1.24641
0.674944
0.674944
0.674944
-0.72089
-0.72089
0.677208
0.558471
0.558471
0.058085
0.515183
0.515183
0.515183
0.146423
0.334804
0.334804
0.836273
0.836273
0.0655824
-0.112714
0.757984
0.757984
0.757984
0.757984
-0.399662
-0.399662
-0.00883641
-0.00883641
-1.0737
0.36307
0.36307
-0.21801
-1.04725
-1.04725
-1.04725
-1.04725
-1.04725
-0.644933
0.654784
0.378713
-0.476238
0.0347716
0.244165
0.244165
0.244165
0.244165
-0.119444
0.647675
-0.00534085
1.04615
1.04615
1.04615
0.524541
0.524541
-1.39548
-0.22227
-1.00601
-0.141075
0.111864
0.111864
0.111864
-0.738392
0.483585
-0.193643
-0.728755
-0.728755
0.816784
1.15199
1.15199
1.15199
-0.207405
-0.207405
-0.626893
-0.8711
1.02143
1.02143
1.02143
1.02143
1.3152
0.602001
0.602001
-1.15784
-1.21149
-1.21149
-1.21149
-0.589867
-0.589867
0.844988
0.844988
0.844988
-0.391299
0.332196
1.60886
0.395034
0.395034
0.582213
-0.883746
0.34278
-0.756253
-0.756253
0.438807
0.964504
0.964504
0.226717
1.41757
0.0392009
0.0625787
0.663347
0.663347
-1.06781
-1.06781
0.805431
-0.343996
-0.109809
-0.963671
-0.512126
-0.512126
-0.187227
-0.908396
-0.908396
0.338034
1.14507
0.315118
-1.3825
-0.600396
-0.600396
-0.326023
1.17044
1.17044
1.17044
1.28021
1.28021
-0.197056
-0.197056
0.949202
0.949202
0.937053
0.937053
-0.595454
-1.61765
-0.990651
-0.990651
-1.82686
-1.82686
-1.06073
-1.06073
-1.06073
-1.06073
-1.06073
-1.06073
-0.180774
-0.180774
-0.180774
-0.180774
-0.180774
-0.601657
-0.601657
-0.64939
-0.64939
0.921556
1.64493
0.592708
0.592708
0.366251
0.366251
0.743845
0.391352
0.609538
-0.954622
-0.954622
-0.363487
-0.0835481
0.0593394
0.0269133
0.0269133
0.700524
0.774697
0.507767
0.0737455
0.0737455
0.565511
0.565511
0.565511
0.565511
1.19847
0.64305
1.36367
0.402016
-0.593424
-0.593424
-0.886708
-0.886708
-0.806313
0.842951
-0.71971
-0.71971
-0.71971
-0.71971
-0.71971
0.967572
1.1153
1.1153
1.1153
1.1153
-0.51319
-0.51319
-0.51319
-0.51319
0.514874
-0.361395
-0.361395
0.230093
0.284988
-0.888659
0.558364
-0.246699
-0.246699
-0.246699
-1.05103
0.596726
0.596726
0.596726
0.845116
1.04416
-0.210158
1.08344
-0.126685
0.0904883
-0.268241
-0.144894
-1.23304
-0.661732
-0.661732
-0.968363
0.1939
0.363
0.363
0.178293
-0.44397
-0.671934
0.192716
0.48334
0.428904
0.428904
0.428904
-0.535928
-0.401221
0.504428
1.04665
1.25772
-0.630419
-0.630419
0.436031
0.436031
-0.725828
-0.725828
-0.78403
-0.00523827
0.569544
-1.13848
-0.401489
0.287587
0.287587
0.287587
0.0565016
-0.28226
1.39117
1.39117
0.560023
-0.521182
-0.521182
-0.521182
-0.521182
0.183482
-0.930677
-0.35063
0.903123
-0.453726
0.91652
0.91652
-0.466848
-0.118623
-0.843697
-0.189643
-0.123527
-0.123527
-0.123527
-0.123527
-0.123527
-0.123527
-0.123527
1.18404
0.471024
0.471024
1.32744
1.32744
-0.391318
0.175181
0.29562
0.29562
0.29562
1.70804
1.70804
1.70804
1.70804
0.877848
0.246054
-1.36754
-1.31528
-1.31528
-1.07848
-0.0575203
-0.0575203
0.20901
-0.57018
0.595241
-0.821623
-0.189166
0.369288
0.369288
0.987168
0.77357
0.77357
0.77357
0.77357
0.472662
0.472662
0.472662
0.472662
-0.328879
0.628666
0.628666
0.628666
-0.737358
0.0283277
0.416247
-1.11224
0.152932
-1.32653
-1.32653
-1.32653
-0.470625
0.840491
0.7296
0.7296
0.0530944
0.0531958
0.0531958
0.0531958
0.67062
1.50361
1.49667
1.49667
1.04301
1.04301
1.04301
-0.126656
-1.0329
-0.813645
-0.813645
0.19463
-0.102335
-0.102335
-0.102335
-0.102335
-0.211734
-0.852994
-0.137468
0.186666
-0.571158
-0.571158
-1.16468
-0.253121
-1.39132
-1.39132
0.311814
0.129797
-0.284662
-0.284662
0.769504
0.769504
0.769504
-0.429228
-0.429228
-0.988598
-0.988598
0.466234
0.569395
0.569395
-0.0496491
1.20821
1.20821
1.20821
1.20821
0.0719057
0.37986
-0.360011
-0.530989
-0.530989
-0.530989
0.892159
0.892159
-0.675005
0.769756
0.769756
0.769756
1.32836
0.39164
0.39164
1.34554
1.34554
1.34554
1.34554
0.610347
0.610347
-0.579143
-0.579143
-0.800147
-1.01089
-1.08521
-0.490377
-0.490377
-0.48366
-0.48366
1.16031
0.172313
1.73408
1.73408
-0.073528
-1.21272
-1.15484
-1.15484
-0.888156
-0.888156
0.24383
0.24383
0.24383
0.24383
0.615444
0.615444
0.935679
-0.808862
-0.808862
-0.109338
0.346989
0.764923
0.764923
-0.852069
-0.852069
-0.025043
-0.025043
-0.025043
-0.025043
1.22902
1.22902
1.22902
1.22902
-0.729314
-0.552391
-0.552391
0.672517
-1.28485
-1.24181
0.608494
-0.531665
-0.650357
-1.19446
-1.43026
-1.43026
-1.43026
-1.20799
-0.173817
1.19848
1.14718
1.14718
-0.76518
-0.0724682
1.07992
1.07992
1.07992
-0.419948
-0.396012
-0.396012
0.1335
-1.18954
-0.482231
-0.482231
0.772029
0.772029
0.772029
0.772029
0.772029
0.772029
0.623524
-0.86475
-0.247991
0.601462
-0.624102
0.401101
0.401101
0.113805
-1.46733
-0.993077
-1.20904
-1.20904
0.425453
0.425453
3.77416e-05
0.546959
-1.01602
0.760582
0.760582
0.760582
0.760582
-0.225944
-0.225944
-0.225944
1.05986
1.05986
1.83354
1.31511
0.925513
-0.69721
-0.789129
-0.789129
-0.789129
-0.191802
-0.92101
-1.08711
-1.08711
0.746154
0.746154
-0.441409
-0.441409
-0.441409
0.906731
-0.0015696
0.830503
0.830503
-0.368573
0.764759
-0.288214
1.09429
1.09429
-0.323793
-0.323793
0.894526
-0.506901
1.28245
0.584261
-0.70495
-0.956408
-0.0085245
0.382091
0.382091
-0.107656
-0.107656
-0.500967
-0.239247
-1.24868
-0.170816
-0.327266
1.12462
0.214847
0.214847
-0.337262
0.683125
0.683125
-0.482647
-0.482647
-0.482647
-1.02987
0.776863
-0.0164102
-0.0164102
-0.0164102
0.561015
0.530748
0.922239
0.846947
0.627221
-0.39305
-0.39305
-0.39305
-0.39305
-0.39305
-0.39305
-0.795788
-0.29785
0.568228
0.568228
-0.16731
-0.16731
-0.805788
-0.253757
-0.639184
-0.994067
-0.994067
-0.994067
-0.994067
-0.928246
-0.928246
0.0796224
1.01071
-0.446535
-1.30925
-1.30925
-1.30925
-0.490834
0.709779
-0.132974
-0.967894
0.115981
0.0835847
-0.866958
1.07163
1.07163
1.07163
1.07163
0.862297
0.803031
-0.0228281
1.07198
1.07198
1.07198
0.992535
1.38209
1.38209
1.38209
1.38209
0.916842
-0.509572
0.520381
-0.403807
0.478332
0.478332
0.481587
0.481587
0.179431
0.0496224
0.0496224
-0.750417
-0.750417
-0.311515
-0.209403
-0.209403
1.10844
-0.48753
0.610184
-0.367866
0.225519
-1.03551
-0.856887
-0.856887
0.812351
0.618748
0.618748
1.43726
1.76318
1.76318
1.76318
1.76318
1.76318
0.300236
1.39204
1.66676
1.66676
1.66676
0.0734906
-0.244969
-0.458304
0.0362802
0.918719
0.664331
0.137977
0.137977
0.992764
0.00042212
1.18351
1.18351
1.18351
1.06094
0.185323
0.185323
0.185323
0.185323
0.185323
1.08084
1.08084
1.08084
1.08084
1.41059
0.059479
0.059479
0.703102
0.703102
1.04993
1.04993
-0.1887
0.48396
0.48396
0.48396
0.523128
-0.918128
0.540429
1.14361
0.366176
0.366176
-0.485118
-0.485118
0.555784
0.555784
-1.13414
-0.716141
-0.716141
-0.716141
-0.716141
-0.716141
-0.716141
-0.142837
-0.142837
1.33492
0.473387
-0.812934
-0.812934
-0.812934
-0.286833
1.38859
1.38859
1.38859
0.0173243
0.0173243
0.0173243
-0.886595
-0.255571
-0.255571
-0.255571
-0.339901
-0.339901
-0.31104
-0.31104
-0.979637
-0.979637
-0.979637
-0.979637
0.762783
0.762783
0.762783
1.75223
1.13637
1.13637
1.13637
-0.0473093
-0.916078
-0.59395
0.347142
0.347142
0.347142
-0.0349229
-0.0349229
0.0506113
0.0506113
-0.383157
0.222855
0.222855
-1.3756
-1.3756
-0.601639
-0.601639
-0.601639
-0.93108
-0.93108
-0.93108
-0.118463
0.32461
0.485606
0.375958
0.375958
0.375958
-0.828051
-0.828051
0.987327
0.987327
1.22897
1.22897
1.22897
0.525037
-1.37887
-0.00204087
0.0922943
-0.293784
-0.293784
0.594373
0.00695935
0.00695935
0.295297
0.571485
0.571485
-1.06365
-0.0670413
-0.0670413
-0.0670413
-0.0670413
-0.0670413
-0.0670413
-0.174205
-0.174205
0.283466
0.283466
0.283466
0.283466
0.283466
-0.448811
-1.12493
-1.12493
0.717745
0.647969
0.195885
0.195885
0.736243
0.899154
-0.943399
0.343014
-1.51975
-1.51975
-1.51975
-1.51975
-0.337703
-1.18417
-1.18417
-1.18417
-0.234558
1.01526
-0.398669
1.3198
-0.536597
0.364459
0.0121923
0.0121923
0.878433
0.878433
0.83295
0.83295
1.03351
0.480229
-1.22252
-1.22252
0.423224
0.94037
0.94037
-0.228442
-0.228442
-1.39588
-0.697611
-0.697611
-0.697611
0.744769
0.86762
0.18477
-1.04298
-1.04298
-1.04298
-1.04298
-1.04298
-1.04298
-1.04298
-1.04298
-0.942382
-0.942382
-0.0937252
0.282996
0.282996
0.0440003
0.0440003
-0.208931
-0.692898
0.659609
0.786128
0.711584
0.711584
-0.832684
-0.76794
0.575713
0.575713
0.575713
-1.31554
-1.31554
-0.0897451
1.13011
0.456226
0.630692
-0.641558
-0.641558
-0.641558
1.25543
1.25543
0.788435
0.788435
-0.975634
-0.975634
-0.975634
-0.975634
-0.975634
0.890359
0.890359
0.890359
-0.67855
-0.116144
0.584444
0.600775
0.600775
0.600775
0.906766
0.906766
-0.467812
-0.186776
-0.186776
-0.186776
-0.186776
-0.737808
-0.525361
-0.525361
-0.525361
-0.525361
-0.525361
-0.525361
-0.525361
-0.525361
-0.742478
0.329502
0.323942
-1.14403
-1.14403
-0.287639
-0.14696
-1.12437
-1.08175
0.480808
0.480808
0.228233
0.805452
0.355707
0.156028
0.837105
0.837105
0.0933797
1.02936
1.02936
1.02936
1.02936
1.7478
1.7478
-0.127343
-0.127343
0.564403
-0.196422
0.732586
-0.576327
-0.576327
-0.576327
0.0391647
0.0391647
0.148267
0.381419
-0.720823
-0.720823
-0.720823
-0.720823
0.86097
1.23034
1.23034
-0.230713
-0.230713
1.3403
1.3403
-0.593026
-0.302973
-0.544103
-0.544103
0.926868
0.693783
1.04114
1.04114
1.04114
1.04114
0.167132
0.167132
0.167132
0.162967
1.01877
0.75438
0.75438
0.75438
0.75438
0.441751
0.441751
0.441751
0.441751
-0.71495
0.160557
0.160557
0.183597
-0.67533
-0.73359
-0.73359
-0.73359
-0.73359
-0.73359
-1.10688
0.690038
0.690038
0.690038
-1.00658
-1.00658
-1.00658
0.178574
0.895301
0.895301
1.054
1.01361
-0.196142
-1.82694
-1.23047
-1.23047
-1.23047
-0.341955
-0.341955
-0.170061
0.945125
-0.257127
1.41309
1.41309
1.65498
0.688714
0.688714
-0.231952
-0.463467
-0.463467
-0.463467
-1.3088
-1.3088
-1.07701
-0.524836
-0.524836
0.900605
0.900605
-0.528701
-0.528701
0.536337
0.957465
0.957465
1.21241
1.14494
0.407642
0.407642
0.407642
0.955231
-0.555579
-0.867584
-0.867584
-0.867584
-0.477043
-0.477043
-0.535246
-1.35231
-1.35231
0.107458
-0.571738
-0.571738
1.08251
1.08251
1.08251
1.08251
1.12155
1.12155
-0.200879
-0.100485
0.8901
0.8901
-0.604453
0.108471
0.553171
-0.192396
-0.192396
-0.192396
-0.192396
-0.192396
-0.392844
0.586937
-0.217697
-0.42932
0.758831
-0.428901
-0.824826
0.366243
0.366243
-0.273791
0.461249
-0.0857046
-0.0857046
1.30174
-0.616624
0.303682
0.303682
0.303682
0.303682
0.575467
-0.31863
-0.250958
-1.39474
-1.42611
-1.35792
-1.35792
-0.473108
-0.473108
-0.0598992
1.52713
1.52713
0.23768
0.651707
0.539512
0.369452
0.369452
-0.280578
-0.280578
0.508674
0.508674
-0.319375
-0.274406
-0.274406
-0.898324
-0.898324
-0.0223597
0.22337
0.22337
0.22337
1.13008
-0.0488012
-0.0488012
0.557693
1.61819
1.2896
1.2896
1.2896
1.2896
1.2896
1.10812
1.10812
-0.810549
-0.810549
-0.810549
-0.810549
-0.617001
-0.617001
0.0203814
-0.743291
-1.59385
0.0773323
0.0773323
0.0773323
0.0773323
-0.823246
0.451538
0.117309
0.117309
0.117309
0.117309
0.117309
-0.378323
-1.1565
0.65447
0.596195
0.596195
0.596195
0.596195
0.951517
0.951517
0.951517
0.348545
1.58395
0.98742
0.98742
-0.447628
-0.0332571
-1.00661
-1.00661
-1.00661
-1.25458
-0.0930084
0.417695
0.524662
0.524662
-0.744317
-0.744317
-0.715446
0.297817
0.297817
-0.105197
-0.601069
-0.838371
-0.838371
0.137497
-0.216833
0.131516
0.131516
1.56145
1.56145
1.56145
0.856335
0.303112
0.487235
0.48367
-0.493621
-0.493621
-0.0470142
-0.0130398
0.58374
-0.296778
-0.632631
0.934545
-0.584381
0.716475
1.14433
1.35079
1.35079
0.331085
0.331085
0.331085
0.331085
0.564301
-0.394109
0.709512
-0.140236
-0.358876
1.02509
0.688145
0.534375
0.894119
0.894119
-0.358649
-1.13466
-1.08125
0.835491
-0.0217361
-0.0217361
1.0601
1.0601
1.0601
0.651039
-0.286328
-0.484416
-0.484416
-0.484416
0.793997
0.817722
0.817722
-0.779022
0.191218
0.191218
0.191218
-0.0245631
1.27523
0.00487381
0.377578
0.377578
0.377578
-1.18119
-1.11814
-1.26073
-0.515674
-0.515674
-0.524189
-1.5625
-0.782168
-0.782168
-0.782168
-0.0420505
0.977074
-0.012409
-1.20644
0.699316
1.09924
1.09924
1.09924
1.09924
1.14961
-0.439777
-0.439777
-0.288518
-0.288518
-0.739337
-0.739337
0.628683
0.583666
0.583666
0.583666
-0.808439
-0.797649
0.695279
0.81686
0.482085
-0.209041
-0.524946
-0.736741
0.243079
0.243079
0.180682
0.180682
-0.8407
-0.8407
-0.8407
-0.8407
-0.655995
-0.271836
-1.40296
-1.36424
0.0519852
-1.05254
-1.05254
-1.05254
-1.05254
-1.05254
0.29467
-1.03107
-0.672114
0.506893
0.559785
-1.19125
0.482912
0.9769
0.9769
0.9769
-0.802588
-0.565306
-0.929662
0.193743
0.844916
-0.349944
-0.349944
-0.349944
-0.349944
-1.17631
0.286088
0.286088
-1.23342
-1.23342
-1.21519
0.675227
0.368917
0.368917
0.150272
1.07216
1.16578
0.915986
1.16139
0.206732
-1.40529
-0.541008
-0.541008
0.85842
0.85842
0.85842
-0.74054
-0.21443
0.00508196
-0.251421
0.280619
0.280619
-0.106356
-1.12166
0.296338
0.296338
0.296338
-1.49165
0.130597
0.421053
0.00329936
-1.26064
-1.2137
-1.2137
0.682189
0.874857
0.72725
0.72725
-0.755583
-0.129763
0.777987
0.777987
0.777987
-0.841308
0.739518
0.739518
0.739518
0.739518
0.739518
-0.371393
-1.11585
-1.00901
0.0168566
0.125488
0.125488
0.125488
0.125488
0.326141
0.326141
0.326141
0.326141
0.568999
0.568999
0.568999
0.568999
-0.0417982
0.389446
-0.196134
0.997855
0.997855
0.997855
-0.0665975
0.639274
0.639274
0.168731
-0.515414
-0.515414
1.04611
1.04611
-0.136691
0.908945
-0.420338
-0.420338
-0.420338
-0.420338
-0.420338
-0.420338
-0.876538
-0.505697
-0.505697
-0.211261
-1.26366
-0.730622
-0.730622
-0.809307
-0.933214
-0.835126
-0.384775
1.30107
1.30107
0.0839523
-1.49252
-1.46774
-1.46774
-1.46774
-1.46774
-1.46774
-0.937441
0.799112
-0.228346
0.656177
0.954356
0.0983708
0.871482
0.871482
0.233307
0.616565
-1.26765
-1.26765
-1.25272
-1.25272
-1.25272
-1.25272
-1.28921
-0.914412
-0.818063
-0.818063
-0.818063
-0.818063
-0.818063
-0.485405
0.688802
0.0310259
0.0310259
0.0310259
-1.28278
-1.28278
0.106114
1.05357
1.05357
1.05357
1.05357
-0.787341
-0.694454
-0.694454
-0.671597
-0.671597
-0.671597
-0.449659
0.744634
-0.889363
-1.01899
-1.31227
0.0743801
0.0743801
-0.220233
0.362906
0.362906
0.362906
0.362906
0.0402682
0.0402682
-1.12411
0.35378
-0.679491
-0.679491
-0.679491
-0.679491
-0.437728
-0.437728
0.647762
0.647762
-0.829793
-0.829793
-0.829793
-0.829793
0.773917
-0.384507
-0.384507
0.591798
0.680254
-0.0457851
-0.0457851
0.417292
-0.249879
-0.249879
-0.249879
-0.249879
-0.249879
-0.249879
-0.0985992
-0.0985992
-0.0985992
-0.622329
0.786551
-0.272837
-0.272837
1.39032
0.99228
0.806054
0.806054
0.806054
-0.733279
0.576553
-0.363243
0.588748
0.588748
0.588748
0.931885
0.233377
1.33495
1.33495
1.33495
1.16408
-0.407511
-0.407511
-0.407511
0.212536
0.80172
0.915893
0.915893
0.915893
0.915893
-0.185231
-0.185231
-0.464633
-0.464633
-0.464633
-0.464633
-0.464633
0.990828
0.990828
-0.62762
-0.62762
-0.62762
-0.62762
-0.0543452
-0.0543452
-0.0543452
-0.0543452
-1.30119
-0.225191
-0.650484
0.677971
-0.0146543
0.0961483
-1.01702
-1.01702
-0.526788
-0.411728
-0.112553
-1.26898
-1.26898
-1.23834
-0.544801
-0.667532
-0.667532
-0.339105
-0.339105
-0.668748
-0.830551
0.332189
-0.105442
-0.105442
-0.105442
-0.858772
-0.858772
-0.0775631
-0.0775631
-0.777415
-1.03812
-1.28749
-0.417885
0.937332
0.937332
1.05471
1.05471
1.05471
1.05471
1.05471
1.20174
1.02645
1.02645
1.02645
1.07299
1.07299
1.13524
1.13524
0.499781
-0.932692
-0.932692
-0.119573
-1.62021
-1.62021
-0.917182
0.934234
1.35572
0.968429
-0.579545
-0.579545
-0.579545
-0.0479979
-1.66338
-1.66338
-1.66338
-1.00679
0.507055
-0.204263
0.910077
-0.449247
-0.52043
1.28362
-0.0214224
-0.0214224
-0.0214224
0.887984
0.887984
0.887984
0.605195
0.379751
0.379751
0.528627
0.528627
-0.106949
0.82363
0.82363
-0.447412
1.02707
-0.473734
-0.473734
-0.473734
-0.5047
-1.64582
-1.64582
-1.64582
-0.0765942
-0.0765942
-1.26621
-0.390015
-0.390015
-0.390015
0.776188
-0.0530996
1.22516
1.22516
1.22516
1.22516
1.22516
1.22516
1.22516
1.43806
1.43806
1.43806
-0.0522122
0.717547
0.717547
0.85032
0.85032
-0.415746
0.503933
0.199477
-0.584398
-0.584398
-0.584398
0.985167
-0.486124
0.597378
0.989063
0.594525
0.594525
0.422492
0.422492
0.387708
0.387708
0.387708
-0.203943
0.377594
0.129915
-0.639991
0.352159
0.352159
-0.477464
-0.477464
0.637763
0.505854
-0.202464
-0.807515
-0.791332
-0.791332
-0.0783717
-0.118388
-0.774929
1.08689
1.08689
0.646529
0.646529
-0.251925
0.418902
0.418902
1.01095
1.01095
1.01095
0.730798
0.382866
0.443009
-0.800641
-0.66103
-0.915224
-0.915224
-0.848591
-0.848591
1.09003
1.09003
0.984081
0.984081
1.05655
0.245362
-0.130897
1.40256
1.40256
-0.342404
0.789942
1.10838
1.10838
0.342018
-0.976745
0.638557
0.638557
0.638557
0.638557
-0.771115
0.33922
0.213281
0.332577
1.17209
0.586981
0.586981
0.156208
0.156208
0.156208
0.156208
-0.172266
1.20479
1.20479
1.20479
-0.201673
1.35516
1.35516
0.803693
1.61408
1.61408
0.663592
-0.687965
0.893319
-0.160725
-0.513393
-0.513393
-0.527056
0.916993
0.916993
0.916993
0.916993
0.0144085
0.599064
0.599064
-0.532944
-0.532944
1.00645
1.00645
1.00645
0.441617
-0.495819
0.767001
0.782529
0.782529
0.782529
0.782529
0.782529
-0.885976
-0.885976
-0.365678
-0.961038
0.877964
0.877964
0.0826844
1.11411
1.11411
1.13934
0.374115
-0.582611
0.3623
0.833441
-0.0962906
-0.0962906
-1.13026
-0.301907
-0.301907
-0.301907
-0.301907
-0.301907
-0.301907
0.461359
0.477905
0.477905
-1.15188
0.203473
0.900521
-0.2
-0.209209
-0.209209
-1.00022
-1.00022
-0.00725658
-0.111125
1.44737
-0.145701
-0.145701
-0.145701
-0.95293
-0.95293
0.571726
0.571726
-0.656206
0.523137
-1.1264
0.635827
0.635827
1.11795
1.11795
0.662999
-0.955193
-0.955193
-0.955193
-0.955193
-0.395409
-0.395409
1.37709
1.37709
1.37709
-0.198655
-0.205277
-0.205277
0.127386
0.993257
-0.367276
-0.367276
-0.367276
-0.367276
0.273263
0.0803769
0.786775
1.08227
1.34242
0.00631747
-0.470912
-0.470912
-0.470912
-0.470912
0.944215
-0.564648
0.0946703
-0.051292
-0.051292
-0.051292
-1.38265
-1.38265
-1.38265
-0.226671
0.835884
0.835884
-0.896857
-0.993809
0.523447
0.523447
0.523447
0.523447
0.523447
0.523447
0.936239
0.936239
1.37051
0.511473
0.00630675
0.714608
-0.522347
0.18713
1.49737
0.701111
-0.854123
-1.22082
0.618959
0.166146
-0.482011
-0.482011
-0.482011
-0.643871
-0.643871
-0.643871
-1.47119
-1.47119
-1.47119
-1.47119
-1.46497
-1.41792
-1.41792
-1.35352
0.592344
0.592344
0.592344
-0.34881
-0.775689
-0.303707
-1.63926
-1.63926
0.187696
0.187696
-1.24602
-1.24602
-0.224444
0.473582
0.812153
0.812153
0.291006
0.291006
-0.101102
-0.101102
0.48959
-0.295386
-0.961471
-0.370361
-0.370361
-0.370361
-0.476873
-1.53151
-1.53151
-1.65377
-0.830829
0.166516
0.39933
0.39933
0.39933
-1.0606
-1.0606
-0.60456
-0.414099
-0.616063
0.44212
0.44212
-0.166947
0.306873
0.306873
0.0879291
0.0879291
-0.0948636
-0.0948636
-0.0948636
1.0423
0.70926
-0.63472
-0.63472
-0.63472
0.131771
0.131771
-1.59864
-1.59864
0.174994
-0.94675
-0.94675
-0.349088
-0.349088
-0.349088
-0.850269
-0.305492
-0.377365
-0.991594
-0.304404
-0.304404
-1.25779
0.543735
1.08032
1.08032
-0.0712441
1.21492
1.21492
1.21492
1.21492
1.16319
1.16319
1.16319
1.16319
0.664767
0.664767
-0.370377
0.42949
0.42949
-0.667825
-0.667825
0.293797
0.293797
0.293797
-0.259005
-0.326327
-0.326327
-0.595498
-0.595498
-0.595498
1.21106
1.21106
1.21106
1.21106
0.114672
0.114672
-0.199136
-0.199136
1.23509
1.29075
-0.615495
-0.615495
-0.429507
0.808618
1.0769
1.31926
1.37695
-0.0580974
-0.928805
0.55644
-0.8407
0.674854
0.674854
0.489042
-0.976174
0.220621
-0.404422
-0.284478
0.645603
-0.12535
0.220814
0.203303
0.203303
-0.353583
-0.44417
-0.44417
1.17155
0.500563
0.500563
0.500563
-0.112806
-0.0272013
-0.0272013
-0.921698
-0.921698
0.964902
0.964902
0.964902
-0.371805
-0.371805
-0.869639
-0.869639
0.275778
0.487315
-1.19639
-1.42748
-0.913016
-0.913016
0.604538
0.604538
0.604538
-0.831722
-0.172682
-0.729259
0.294367
0.294367
0.294367
-1.06948
-0.289665
0.197732
0.197732
-0.265935
-0.342393
-1.44583
-1.30371
-1.30371
-1.30371
-1.30371
-1.30371
-1.01034
-1.17777
-0.20898
-0.75173
-0.857594
-0.946967
-0.155734
-0.384004
-0.384004
-0.525534
-0.525534
-0.525534
0.903695
0.670466
-0.923281
-1.64131
-1.64131
-0.97011
-1.14343
-0.574641
1.03076
1.03076
0.51422
0.51422
-0.510312
0.301169
0.301169
-1.5106
-1.50545
-1.50545
-1.50545
-1.50545
0.0970105
0.0970105
0.237899
0.237899
1.16698
-0.421149
-0.421149
-0.421149
-0.421149
-0.421149
1.52346
1.52346
-0.194724
-0.466789
-0.466789
-0.466789
-0.350479
1.35803
1.35803
1.35803
-0.114785
-1.1983
-1.35827
-1.27914
-1.27914
-1.25291
-1.25291
0.147296
0.147296
1.09498
1.09498
1.09498
1.09498
0.0651203
0.0651203
-1.26986
-0.551066
-0.551066
-1.42032
-1.42032
-1.24698
-1.24698
-0.361513
-0.159594
-0.499872
-0.826768
-0.738515
-0.681364
-0.681364
-1.05717
-0.579027
-0.579027
-0.71318
0.207563
1.11508
1.11508
-0.807225
0.203499
1.33396
1.33396
1.33396
1.06858
-0.190538
-0.127914
-0.127914
1.01511
1.01511
1.40404
1.20438
-0.254142
-0.723155
0.71812
0.71812
-0.072316
0.363125
0.363125
0.363125
0.462878
0.462878
0.462878
-0.609399
-0.609399
-0.609399
-0.657677
-0.824617
-0.0971793
-0.0971793
-0.0971793
-0.0971793
0.150807
-0.0337457
-0.0337457
-0.0337457
-0.87441
-0.232068
-0.232068
-0.232068
-0.232068
0.475419
0.475419
0.699165
0.699165
0.0116954
0.0116954
0.70621
0.70621
0.70621
-0.724905
-0.724905
-0.724905
-0.724905
-0.297671
-0.870591
-0.870591
-0.121387
0.0942195
0.0942195
0.411721
0.0417856
0.0417856
-0.719724
-0.340709
0.541658
-0.342424
-0.342424
-0.342424
-0.342424
0.0243637
-0.145249
0.832437
0.697672
0.297036
0.297036
1.60496
1.08043
-0.0236102
-0.0236102
-0.0236102
-0.0236102
-0.0236102
-0.168581
1.16335
1.16335
1.01488
1.01488
1.01488
1.01488
-0.869597
0.391633
0.9554
0.9554
-0.0207303
-0.75897
0.946741
0.604594
0.912954
0.912954
0.912954
-0.0338005
-0.0338005
0.268005
0.268005
0.268005
0.0396189
-0.729856
-0.729856
0.427576
-0.0695022
-0.125138
-0.125138
0.146057
0.146057
1.03793
1.03793
0.390522
0.711942
0.711942
0.711942
0.711942
-0.442776
0.788957
0.788957
0.788957
0.452005
1.22402
0.812796
0.812796
-0.781181
-1.13618
-1.13618
0.200163
-0.781538
-0.781538
-0.298779
-0.446742
-0.552363
1.04324
0.790208
-0.415343
-0.415343
-0.295508
0.834484
-0.806611
-0.806611
-0.806611
-0.297214
-0.517455
-0.190014
0.946118
0.946118
0.946118
-0.986045
-0.986045
-0.986045
0.703589
0.276888
0.276888
-0.19248
-0.210782
-0.177028
-0.177028
1.22164
1.22164
1.22164
1.22164
0.442328
0.442328
-1.24024
-0.824423
-1.15635
-1.15635
0.589146
-0.995681
-0.613663
0.19747
1.05918
1.13531
-0.758394
-0.758394
0.347335
0.171166
0.171166
0.794078
-0.365498
-0.122656
-0.189323
0.17233
0.17233
0.456194
-0.690482
-0.690482
0.0925454
-1.22532
-1.22532
-0.120945
0.945047
-0.436147
-0.436147
0.0170927
0.0170927
-0.610416
-1.5408
-0.470655
1.15462
1.15462
1.15462
1.22707
1.22707
0.0145231
0.428464
0.070005
0.070005
0.102766
1.08166
-0.0233915
-0.958753
-0.958753
-0.726803
-1.23318
-1.23318
-1.16359
0.617844
-0.191011
1.45479
-0.263812
-0.263812
-0.820973
0.136437
0.136437
-1.00861
-0.786219
-0.786219
0.893334
0.893334
0.893334
0.893334
0.893334
0.893334
0.893334
-0.157733
-0.157733
-0.051791
-0.051791
0.864319
0.864319
-0.246009
-0.246009
0.305528
0.874613
0.665263
0.665263
0.713581
0.542771
1.66276
1.66276
1.56613
1.67134
1.67134
-0.0304399
0.253975
0.106171
0.0720933
-0.64029
-1.13702
-1.13702
-0.931808
-0.931808
-0.494857
-0.494857
-0.494857
-0.523506
-0.523506
0.701412
0.701412
0.636533
0.636533
-0.980035
0.626991
0.448084
0.849819
0.849819
0.200218
0.200218
-0.542486
-1.33065
-0.133272
0.720483
0.720483
-0.509162
-0.752323
-0.752323
0.178064
-1.06654
-0.026485
-0.026485
-0.658488
0.64459
0.64459
0.880975
0.880975
-0.856963
0.744782
1.24683
0.963163
0.837454
0.837454
1.36821
1.36821
1.36821
0.561942
0.701084
0.77159
0.77159
0.77159
0.77159
0.562165
-0.157014
-0.613768
-1.32043
-0.527654
-0.543639
1.11492
1.11492
-0.798118
-0.798118
-0.887182
0.982738
0.982738
-0.259977
-1.19539
-1.19539
-1.19539
-0.51772
-0.51772
-0.51772
-0.51772
-0.779992
-0.779992
0.380607
0.946246
0.946246
-0.607905
-0.725133
-0.0472589
0.375757
0.375757
0.24134
0.429152
0.429152
0.429152
-0.362227
-0.748762
-0.748762
1.1893
0.490956
0.490956
-0.269553
-0.269553
0.28391
0.147862
-0.674898
-0.674898
-0.674898
1.05556
0.7759
-0.198307
0.0426338
0.310026
0.310026
0.928227
1.50029
1.50029
1.50029
0.667193
0.667193
0.950913
-0.14751
-0.738525
-1.15988
-0.490614
0.99678
1.32462
0.500682
-0.0399703
-1.12529
0.0122038
1.19154
0.0505132
-1.5687
0.347747
-0.393242
-0.393242
1.04318
1.04318
0.822816
-0.53567
-0.53567
-0.175004
0.0596222
0.166597
0.166597
0.273234
0.273234
0.273234
-1.06074
-1.14372
0.556173
1.54404
0.239305
-0.56468
0.150765
-0.666451
0.0970134
-0.539599
-0.495112
-0.495112
0.591129
-1.10749
-1.10749
0.822933
0.499155
-0.313456
-0.313456
-0.313456
-0.313456
-0.137054
0.215059
0.215059
-0.694734
0.4826
0.4826
0.4826
0.4826
-0.126006
-0.0792968
-1.68143
-1.68143
0.115692
-0.301892
-0.301892
-0.301892
0.694909
0.694909
0.694909
0.694909
0.694909
0.694909
0.694909
0.0126876
0.914067
-0.91581
0.445111
-0.828947
1.05706
1.05706
1.05706
0.367015
-0.528854
-0.528854
0.707362
0.678534
0.628507
1.09439
-0.638438
-0.638438
0.345743
-0.968467
0.847126
0.847126
-0.674839
0.191772
0.447507
0.447507
-0.364784
1.2792
1.35129
1.35129
-0.0357026
-0.0357026
-0.670099
0.513717
0.513717
0.627527
0.627527
0.15859
0.15859
0.15859
0.15859
0.885786
0.885786
0.885786
0.885786
0.286116
1.10177
1.10177
1.10177
1.24323
-0.222622
-0.0100782
-0.75994
-0.75994
-1.12524
0.830999
0.830999
1.23863
-0.110912
-0.110912
-0.110912
0.536752
0.84683
-1.01861
-1.01861
-1.01861
-1.01861
0.211437
0.211437
0.865706
0.70452
0.316782
-0.369818
-0.369818
-0.688337
-1.22434
-1.22434
0.4817
0.4817
0.4817
0.4817
0.589479
0.589479
0.589479
0.589479
0.589479
0.589479
-0.441031
-0.441031
-0.11626
-0.11626
0.7603
0.7603
0.540197
-0.976686
-0.976686
0.623132
0.623132
-0.464638
-0.464638
-0.464638
-1.39927
0.511144
-1.2721
-0.876426
-0.876426
-0.846344
-0.846344
-0.430026
-1.20502
-1.20502
-1.20502
-1.20502
0.319434
-0.832409
-1.55469
-1.55469
-1.55469
0.0107449
-1.15882
-1.15882
-0.938127
-0.581785
-0.133278
-0.528472
1.19231
0.98898
0.98898
0.74373
0.0181339
0.821662
1.44964
1.44964
1.3315
0.504345
0.504345
0.504345
0.62326
-0.143528
-0.143528
-0.973667
-0.973667
-0.973667
-0.476981
-0.476981
-0.476981
-0.943716
-0.943716
-0.943716
-0.901897
-0.901897
-0.016306
-0.350494
-0.350494
-0.881479
-0.881479
0.816852
0.816852
-0.800391
-1.53947
-0.249648
-0.289795
0.213995
0.959944
0.959944
0.959944
0.959944
-0.316112
-0.316112
-0.316112
-0.81006
-0.933343
0.247542
0.247542
-0.447695
-0.178019
-0.178019
0.786438
0.86371
0.86371
0.86371
-0.211846
0.421914
0.557283
-0.40316
0.227255
0.896925
0.79645
1.29317
1.29317
1.29317
0.0379422
-1.04365
-0.779285
0.378706
0.378706
0.378706
1.03659
-0.895409
-0.126313
0.630789
0.630789
0.630789
-0.421564
-0.421564
-1.38183
-1.05989
-1.47917
-0.118924
-0.118924
1.30189
1.30189
0.903311
0.903311
0.940983
0.940983
0.761116
0.761116
0.761116
0.761116
-0.719421
-0.885529
0.674763
0.650389
-0.566415
-1.55333
-0.27158
0.543451
0.543451
0.543451
-0.644173
-1.70774
0.22606
0.22606
0.22606
-0.913773
-0.176933
0.215297
1.67373
1.67373
1.67373
1.29944
1.4701
0.179196
-0.251866
-0.453015
0.36286
1.64696
1.64696
1.64696
1.27456
-0.646676
1.0547
1.0547
1.0547
1.24468
0.79978
0.79978
1.55586
-0.255241
-0.255241
-0.255241
0.283966
0.0114014
0.0114014
0.491236
0.491236
0.491236
0.491236
0.804294
0.804294
-0.330562
0.632695
-0.312839
1.15922
1.15922
1.15922
0.0216096
-1.21994
-0.682923
0.729864
0.729864
0.488541
0.488541
0.208137
0.208137
0.208137
0.962343
0.962343
-0.646754
0.280482
0.280482
0.280482
0.997987
-0.754962
-0.754962
0.0266527
0.00623552
0.00623552
-0.867592
-0.867592
-1.41284
-1.41284
0.352293
0.437952
0.437952
0.437952
-0.405744
0.699908
0.699908
0.699908
0.820427
0.135703
0.135703
0.135703
0.135703
-0.488777
0.364146
0.364146
0.444023
-0.723018
0.80049
-0.388077
1.35144
1.35144
0.5674
0.546943
0.343867
0.343867
0.343867
1.60379
1.60379
0.611145
0.74455
1.65308
1.46997
0.976371
-0.24554
0.685714
-1.14555
-0.482062
-0.482062
-0.482062
-0.319901
0.790721
0.787929
0.787929
1.11707
1.11707
0.173145
-1.46894
-1.175
-0.093673
0.476067
-0.53926
-0.53926
-0.0430077
-0.0430077
0.109051
0.109051
0.109051
-1.51342
-1.59036
0.268159
0.491703
0.349721
0.444271
-1.15463
-1.31331
-1.31331
-1.31331
-0.19215
0.72257
0.704003
0.627711
0.627711
-1.21041
-0.953268
-0.0588384
-0.0588384
0.295496
1.12515
-0.279298
-0.125286
-0.730931
-0.555815
-0.628298
-1.48865
-0.873468
-0.608642
-0.608642
-0.705985
-0.705985
-0.810362
-0.810362
-0.810362
-1.24896
-1.24896
-1.24896
-1.24896
-1.24896
0.573473
-0.0557773
0.253896
0.253896
0.253896
1.47331
-0.4803
0.298129
0.298129
1.03207
1.03207
1.03207
1.03207
0.281581
0.281581
0.281581
0.429883
-1.51525
-1.51525
-1.51525
-1.51525
-1.51525
-1.51525
-1.51525
-1.51525
-1.51525
-1.14434
-0.0799328
0.176523
0.176523
1.0485
-0.79998
-0.758787
0.71465
-1.16007
-1.16007
-1.4473
-1.63861
0.116246
0.237305
-0.66013
-0.184629
-0.618605
1.14598
1.14598
1.51085
0.843345
1.60242
0.172223
0.172223
0.172223
0.172223
0.234199
0.363681
-1.36748
-1.36748
-1.36748
-1.41792
-0.127969
1.35185
1.35185
0.91955
0.91955
-0.26841
-0.00550506
-0.00550506
-0.00550506
1.0702
1.16432
1.16432
-0.264466
-0.264466
0.394864
1.21452
1.21452
-0.747538
1.1774
1.1774
-0.735861
-0.823194
-0.0275335
-0.899371
-0.899371
-0.872968
0.421657
0.421657
0.277052
-0.194835
0.675659
-0.519385
0.465724
0.465724
-1.2454
-0.437641
-0.771479
-1.44658
0.51586
0.51586
0.315205
-0.041856
-0.682409
0.5698
0.4376
0.4376
0.571692
0.203487
-0.161471
-0.161471
-0.161471
-0.765633
-0.765633
-0.765633
-0.765633
0.428074
-0.247364
-0.247364
0.816438
-0.559395
0.947497
0.477824
0.477824
-0.780211
0.349459
0.349459
0.349459
0.349459
0.570871
0.570871
-0.315252
-0.315252
0.48595
-0.904988
-0.904988
-0.904988
0.1524
0.1524
-0.716033
-0.716033
-0.136798
-0.136798
-0.257463
-0.257463
0.872047
0.503188
0.503188
0.503188
-1.36953
-1.36953
-0.825981
-0.429618
-1.0699
-1.0699
-0.129394
-0.612629
0.0664251
0.205076
-0.128292
-0.513847
-0.513847
0.779093
0.780751
0.668699
0.668699
-0.188793
-0.188793
0.557308
1.10204
-0.1348
0.147198
-0.815717
-0.234886
-0.234886
-0.0841762
-0.0841762
-0.409486
-0.746152
0.114061
-0.457866
-1.14712
-0.955859
-0.955859
-0.981461
-0.981461
-1.32748
-0.512736
1.22585
1.22585
1.22585
0.790021
0.790021
0.790021
0.790021
0.790021
-0.447959
-0.447959
-0.447959
0.0879974
0.0879974
0.0879974
0.0879974
-0.860906
-0.860906
-0.129853
-1.33086
-1.33086
-1.33086
-1.33086
0.248148
0.248148
-0.980084
-0.980084
-0.980084
-0.240532
-0.240532
0.385114
-0.612034
-0.95977
-0.376506
-0.271527
-0.271527
-0.519827
0.872969
-0.0168431
-0.0168431
-0.0168431
0.393639
0.393639
0.925147
1.00358
1.00358
1.00358
0.72519
0.72519
1.15103
1.15103
0.681948
-1.19339
0.431199
-0.004094
-0.004094
-0.004094
-0.656159
1.13935
0.340995
-0.664742
-0.443821
-0.344563
-1.2763
-1.2763
-0.154548
-0.768551
0.993937
0.302424
0.602148
0.602148
0.979838
0.758249
1.11629
-0.288648
-0.288648
1.34217
1.34217
0.46403
0.72228
-0.927595
-0.976574
0.391416
0.108963
1.31955
1.31955
-0.633853
0.682689
0.0801805
0.438688
0.438688
0.00266252
0.00266252
1.12691
-0.584863
-0.584863
1.37969
1.37969
1.37969
0.444373
0.444373
-0.209294
-0.225937
-0.225937
1.00957
0.0621309
-0.293249
0.889864
1.46209
1.33999
0.789662
0.789662
-1.03205
0.8943
0.8943
0.8943
0.8943
-0.0476978
-0.0476978
-0.547035
-0.664343
1.13849
1.25798
1.25798
0.0552527
0.0666466
0.0666466
0.822515
0.27035
0.27035
0.27035
-1.14952
-0.78305
0.167244
-1.13404
-1.13404
-0.225355
-0.225355
-0.225355
-0.225355
-0.129811
-0.129811
-0.129811
0.764757
0.221225
1.14137
0.896352
0.896352
0.896352
0.759025
0.759025
0.514506
0.514506
0.514506
0.694271
-0.298474
0.271178
-0.600699
-0.932508
0.35516
-0.67354
-1.21763
-1.21763
-1.10624
-1.18251
-1.18251
-1.09977
-1.09977
-1.09977
-1.06147
-1.06147
-1.15417
-1.15417
-1.15417
-1.15417
0.193298
0.193298
0.193298
0.719583
-0.252072
0.260342
0.660937
0.290274
0.290274
0.894536
0.894536
0.894536
0.1962
0.346176
0.279681
-0.0457617
-1.21035
-1.21035
0.740268
-0.888108
-1.02361
-1.31759
-1.58663
-1.58663
-1.18424
-1.5751
-1.32857
-0.0999152
0.435578
0.435578
0.640916
-0.28923
-0.28923
-0.28923
-0.381142
-0.172531
-1.57855
-1.57855
-1.57855
-2.10447
-2.10447
-2.10447
-0.931042
-0.931042
-0.931042
0.052076
0.0586748
0.0586748
0.0586748
0.628368
0.628368
0.628368
0.628368
0.628368
-0.677369
-0.677369
-0.677369
-0.230019
-1.06476
-1.15373
-1.00973
0.152643
-0.222417
0.799977
0.451785
0.630119
-0.466222
-0.466222
1.31511
1.31511
0.604093
-0.342734
1.08159
1.08159
-0.676487
-0.676487
-0.678881
-0.678881
-0.900778
-0.900778
0.50375
0.50375
-1.21227
0.6055
0.645371
0.645371
0.645371
0.645371
-0.510473
-0.510473
-0.510473
0.554097
0.554097
-0.805269
-0.805269
-0.398236
1.08846
0.577615
0.575232
0.180463
0.551808
0.0464508
1.33413
1.33413
0.40469
-0.617958
0.751597
0.751597
0.876591
-0.624746
-1.18773
-1.49751
-1.1467
0.171617
0.171617
1.36035
0.607377
0.607377
-0.516359
-0.516359
0.393399
0.393399
-0.819059
-1.15854
0.207621
0.382199
1.65711
0.578003
-0.840066
0.381355
0.381355
0.7865
0.7865
-0.774524
-0.774524
-0.774524
-0.774524
-1.20024
-1.20024
-1.20024
-1.20024
0.543593
0.543593
0.543593
-1.09337
0.0459228
-0.998638
-0.14661
-0.14661
1.05339
1.05339
-0.202686
-0.763015
0.229671
1.71431
1.71431
1.67858
1.70786
0.112733
0.112733
0.72397
0.72397
0.77523
0.77523
0.77523
0.77523
-0.88404
-0.173459
-0.173459
-0.173459
-0.173459
0.320467
0.320467
0.320467
0.320467
0.320467
0.320467
0.320467
0.320467
-0.0621632
-0.933363
-0.933363
-0.933363
-0.113093
1.44828
0.418566
-0.362494
0.478572
-1.17845
-1.17845
-0.712368
-1.16357
0.497745
0.497745
1.12828
-0.115482
-0.790005
-0.452267
0.556134
-0.483127
-0.627204
1.15346
1.15346
1.15346
1.15346
-0.392614
-0.392614
-0.392614
-0.416584
-0.416584
-0.416584
-0.416584
0.533524
0.533524
0.533524
0.493847
1.13407
-0.436703
-0.436703
0.751832
-0.816832
-0.886236
-0.886236
-0.465596
-0.465596
-0.465596
-0.465596
-0.405158
-0.405158
-0.352542
-0.352542
0.287563
-0.32637
-0.32637
-1.03152
-1.15672
-1.15672
-0.112286
-0.291844
-0.291844
-0.65172
-1.08546
-1.08546
-1.08546
0.404074
0.440365
0.440365
0.440365
0.0311922
0.945641
0.945641
0.945641
0.99854
0.99854
1.20796
-0.286736
-0.286736
-0.431477
0.745227
1.33874
0.778822
1.78824
-0.060888
-0.060888
-0.060888
-0.060888
-0.060888
0.365837
0.365837
0.333678
1.10195
1.10195
1.10195
0.658653
0.615377
0.221874
-0.985912
-0.985912
-1.53285
-1.53285
-0.749457
0.369677
0.811775
0.811775
0.240751
0.240751
0.769793
1.1973
-0.257777
0.68005
0.68005
0.843752
0.843752
-0.445701
-0.445701
0.623454
-0.128667
-0.128667
-1.72892
-1.72892
-1.0814
-1.0814
0.20347
0.20347
-0.626002
-0.626002
1.255
0.261616
0.261616
0.660573
0.660573
0.660573
0.660573
-0.5035
0.427893
-0.401709
1.03513
1.03513
1.03513
1.03513
1.03513
-0.0338529
-0.664214
-0.485217
-0.485217
-0.848698
-1.21046
0.489967
0.489967
0.457011
0.457011
0.457011
0.163363
-0.2658
-0.551979
-0.551979
-0.551979
1.23466
1.4557
0.779113
0.835183
0.835183
0.827244
-0.849562
0.436643
0.436643
0.436643
-1.12482
-1.12482
-1.2984
-1.71252
-1.71252
-0.283931
-0.283931
-0.0497622
-0.294209
-0.294209
-0.25639
-1.21615
0.0334352
-0.239419
-0.106078
-0.106078
0.784927
0.731111
0.680061
0.680061
-0.625037
-0.331996
0.218334
-0.4627
0.903504
0.903504
0.903504
0.903504
-0.305417
-0.305417
-0.305417
1.42114
1.42114
-0.197579
0.749015
0.520404
0.520404
0.79347
-0.69692
-0.69692
0.954127
-0.316398
-0.316398
-0.316398
0.529918
1.09559
-0.0884379
-0.0884379
-0.0884379
-1.2273
0.555835
-0.351332
-0.351332
0.606463
-0.994931
-0.994931
0.0131937
-0.913428
-1.28586
-1.11286
0.063034
0.063034
-0.0948791
-0.0948791
0.498065
-0.0256647
-0.88064
-0.90676
-1.19859
-1.19859
-0.414763
-0.010655
0.502411
0.905182
1.30917
0.616177
0.563469
-0.523216
-0.523216
0.381272
0.381272
0.381272
0.20875
-0.861586
-0.861586
0.269288
-0.704509
0.814647
0.846694
0.523984
0.523984
0.124099
0.214204
0.497692
-0.657949
0.227366
0.227366
0.227366
0.227366
0.227366
0.227366
0.451162
-0.827668
-0.402868
0.199613
0.93366
-0.630414
-1.65567
-0.61421
0.396833
1.62411
1.62411
1.62411
0.15213
0.160146
0.160146
0.665581
0.665581
0.665581
1.08891
0.38035
-0.668951
-0.212526
-0.415059
-0.415059
-0.050337
-0.050337
0.147656
0.67235
-0.935639
-0.935639
-0.935639
-0.284545
0.667423
-0.138189
-0.061623
0.0502086
0.0502086
-1.16382
-1.16382
-0.563525
-0.563525
-0.563525
0.120556
0.013929
0.013929
-0.297771
-0.123611
-0.0482576
-0.0482576
-0.0482576
0.683037
0.683037
-0.0479827
0.56403
-0.889805
0.872144
0.872144
0.0815434
1.12827
0.665268
-1.1607
0.714554
-0.75317
0.700316
0.518466
0.518466
0.900174
0.900174
1.64348
1.46009
0.712536
0.712536
0.712536
0.712536
0.712536
0.258186
0.258186
0.258186
0.258186
0.258186
1.61861
0.237258
1.61629
1.61629
0.65887
0.65887
-0.334918
1.0832
-0.167078
-0.488439
-0.045147
-0.045147
-0.045147
0.788504
0.788504
0.788504
0.788504
0.788504
0.788504
0.788504
0.788504
0.788504
0.788504
0.788504
0.788504
1.42813
1.42813
1.42813
0.917048
0.917048
0.917048
0.918259
0.918259
1.16974
1.16974
-0.0356163
-0.46415
0.803178
0.803178
0.803178
-0.90876
-0.90876
-0.90876
-0.90876
-0.90876
-0.90876
0.0245568
0.091368
0.453637
1.28377
-0.155237
0.680568
-0.575227
-0.479515
-1.08108
-0.418578
-0.418578
1.10573
-0.285902
-0.285902
0.556981
0.839759
1.31291
1.31291
1.31291
1.25079
1.25079
1.25079
-0.604552
0.559975
0.559975
-0.42105
-0.851834
-1.37954
-1.37954
-1.61235
-1.76884
-1.76884
-1.76884
-0.320339
-0.320339
1.27801
1.27801
1.27801
0.345803
0.345803
0.912842
0.912842
1.17618
1.17618
1.17618
1.17618
-0.681962
1.07075
1.07075
0.441627
-0.87101
0.897896
0.897896
-0.857326
-0.857326
0.484558
0.986044
0.699172
0.699172
0.0848067
0.0848067
0.519108
1.18198
-0.29087
0.690676
0.690676
0.690676
-1.23069
-1.23069
-0.301955
1.1702
1.1702
1.38632
1.31016
1.31016
1.31016
1.31016
1.36573
1.21893
0.846638
0.846638
0.687606
0.81214
0.81214
0.81214
-0.0835847
1.53323
1.53323
1.53323
0.695863
0.695863
0.695863
0.695863
0.695863
-0.719164
0.209802
0.104698
0.104698
0.104698
0.104698
0.852145
0.852145
1.09334
1.09334
-0.484322
-0.484322
-0.0766797
-0.0766797
0.656758
-0.781804
-0.543844
0.45947
0.0737322
0.0737322
-0.843847
-0.496875
0.450355
-0.455456
1.00866
1.00866
0.569652
0.350841
0.350841
0.350841
-0.246299
-0.259527
-0.259527
-0.169802
-0.55962
-0.829037
0.420347
0.420347
0.420347
-1.00026
-1.00026
-0.431768
-0.431768
-0.431768
0.123878
-1.37407
-0.16261
-0.170336
-0.170336
-0.278778
-0.278778
-1.34084
-1.67834
-1.67834
-1.18714
-0.3127
0.683602
0.683602
0.683602
-1.18635
-1.18635
-1.18635
0.292684
0.292684
0.292684
0.566023
-0.0666543
-0.0666543
0.319172
0.319172
0.708218
-0.447335
-0.447335
-0.447335
-0.447335
1.11901
-0.625524
0.910415
-0.0823269
-0.869324
-0.699885
0.0166247
0.0166247
0.218721
-0.839698
-0.839698
-0.839698
0.768746
0.768746
-0.138974
-0.138974
-1.6732
-1.6732
-0.929873
-1.20874
-1.20874
-1.20874
-1.20874
0.597953
-0.189627
-0.189627
-0.0700652
0.148599
0.593335
-0.634853
-0.40286
-1.51331
-0.054216
-0.423276
-0.931589
-0.179102
-0.179102
0.823916
1.36877
1.21927
0.832261
-0.183386
0.000513187
-0.514727
-0.514727
0.256106
1.24333
1.24333
1.24333
1.23229
-0.199309
-0.199309
0.508168
0.508168
-1.3867
-1.3867
-1.27132
-1.27132
-0.724679
-1.54037
0.409914
0.289118
-0.636004
-1.2359
-1.2359
-0.0740255
-0.0740255
-1.18863
-1.18863
-1.09848
-0.307027
-0.300916
-0.300916
0.870109
-0.116658
-0.116658
0.522629
0.522629
-0.418352
0.279577
0.279577
-0.350173
-0.350173
0.476214
0.476214
0.476214
-1.4531
-1.29716
-0.321882
1.03624
1.03624
-0.0616364
0.153327
-1.29196
-1.10218
-1.36126
-1.36126
-1.13839
-1.13839
0.0872332
0.0872332
-0.506748
0.733165
0.733165
0.733165
-0.706922
0.553133
1.01517
1.01517
1.01517
-0.158578
-0.852125
1.0898
1.05392
-0.152911
0.533375
0.485556
0.485556
0.0805301
0.0805301
-0.0590452
0.303417
0.578025
0.578025
-1.14714
-1.09852
0.41491
0.41491
0.933188
0.660358
-0.75731
-0.75731
-0.162435
1.15632
1.11449
0.231379
1.10167
1.10167
1.10167
1.10167
-0.255572
-0.255572
1.29748
0.193114
1.17109
1.17109
1.17109
-0.0637446
-0.0637446
-0.0833312
0.141514
0.141514
-0.231264
-1.45542
-0.951904
-0.951904
-0.951904
-0.728609
0.869834
0.869834
-0.781665
-0.781665
-1.2505
-1.2505
-1.2505
-1.03526
-1.03526
-0.450752
0.769941
0.0986322
0.641238
0.445243
0.445243
1.63231
1.37572
1.16992
0.974452
-0.423589
-0.17031
0.951481
0.951481
0.951481
-0.190571
0.626282
0.626282
0.786669
0.786669
0.786669
0.5175
0.5175
0.5175
0.5175
-0.4121
-0.4121
-0.758584
-0.130421
-0.130421
-0.458639
0.477075
0.818649
-1.06736
-0.758254
-0.758254
1.15276
0.200104
-0.083214
-0.083214
-0.083214
-0.780427
-0.780427
-0.0250846
-0.0250846
-0.0250846
-0.67045
-0.67045
-0.67045
-1.09455
0.668984
0.668984
0.668984
0.668984
0.668984
0.416892
-0.520958
1.40271
-0.184493
0.945939
-0.624493
-1.42843
-1.27858
0.503938
0.503938
-0.719208
-0.719208
-0.719208
-0.719208
-0.956041
-0.956041
0.604972
0.145839
0.849335
0.224966
0.052221
0.052221
-0.972444
-0.972444
-1.14069
-1.14069
-1.59609
0.0220729
-0.596902
-0.574102
-0.0995956
0.659799
0.659799
-0.643087
0.101495
-0.378187
-0.16203
0.452926
-1.38495
-0.938141
-1.06788
-1.07615
-1.07615
-0.73306
0.838862
0.838862
0.460907
0.460907
0.625324
-0.690495
-1.20574
-0.665542
0.225378
0.86385
0.857767
1.10511
0.189387
-0.745847
-0.209207
-0.461578
-0.64109
-0.64109
-0.64109
-1.08826
-0.0787559
0.396097
0.857341
0.857341
-0.935852
0.376989
1.34427
1.34427
1.34427
1.74654
1.74654
0.017491
0.323932
0.0234635
0.142016
-1.2523
-0.534965
-0.534965
0.349791
1.0819
1.0819
0.955233
0.452558
0.452558
0.452558
-0.895726
0.290728
0.290728
0.21906
-0.198693
-0.198693
-0.198693
-0.557394
1.068
1.068
1.068
-0.277927
0.628699
-0.351388
-0.351388
-0.998134
-0.998134
-0.998134
-1.3338
0.387745
0.387745
0.387745
0.767053
1.03989
-0.0385227
-0.0385227
-0.389223
-0.322654
-0.322654
1.28397
0.896386
0.896386
0.416683
-0.822697
-0.822697
-0.174889
-0.918999
0.646548
0.0741248
0.558259
-1.16628
0.673656
0.673656
-0.642439
-0.403045
-0.450612
-0.450612
1.43255
1.43255
1.6559
1.6559
0.362025
-0.0299242
0.150225
0.150225
0.150225
0.150225
-0.364145
-1.07884
-0.502466
-0.539915
-0.539915
-1.25523
-0.71084
-0.0603123
-0.0603123
-0.176594
-1.9013
-1.63144
-0.485194
0.232841
0.232841
0.76422
0.76422
0.264317
0.264317
0.264317
0.264317
-0.968608
0.820893
-0.628349
-0.862172
-0.862172
0.335608
1.31153
0.250943
0.250943
0.250943
0.250943
-0.670972
-0.940337
-0.940337
-0.940337
0.892667
-0.810531
0.133692
-1.12349
-1.07054
-1.07054
0.744677
0.744677
0.688572
0.900421
-0.14922
-0.14922
-0.0832905
0.19293
0.19293
-1.31077
-1.31077
-1.4654
-1.95091
-1.95091
-0.260982
0.178156
0.178156
-0.774418
-0.043017
-0.568472
0.259347
0.759818
0.522754
1.3919
0.680318
0.749635
-0.0784178
-0.50294
1.01181
1.01181
1.01181
1.01181
1.01181
-0.718864
-0.718864
-0.718864
-0.953679
-0.317088
-0.317088
-1.232
-1.232
-0.893941
-0.809884
-0.289153
-1.45382
-1.45382
-0.498055
-0.404082
-0.0981238
-0.0981238
-0.542133
-0.542133
-0.542133
-0.623782
-1.20868
-1.20868
-1.20868
0.469667
0.469667
0.773288
1.44199
1.44199
1.44199
1.44199
1.44199
0.594174
-0.905266
-0.0575343
0.105025
0.437791
0.518779
0.518779
0.82257
-1.04883
-0.487895
0.564057
0.564057
0.769851
0.769851
0.769851
0.60811
1.10851
1.10851
0.77582
-0.432722
0.0451593
0.0451593
0.195938
0.195938
0.195938
0.195938
0.195938
1.45117
0.310354
-0.644722
-0.644722
0.704104
0.704104
-0.516725
-0.408713
0.470383
-1.30023
-0.677986
0.0170527
-1.04967
-0.613491
-0.613491
-0.764009
-0.627307
-0.627307
-0.627307
-0.627307
-0.627307
0.974158
-0.339058
-0.339058
-0.297372
0.0794494
0.0794494
0.584782
-1.07243
-1.07243
-0.944758
-0.679443
0.953611
0.310621
0.122233
0.283332
0.283332
0.283332
0.283332
-0.0596529
0.229386
0.158839
-0.500564
-0.500564
-0.500564
-0.500564
-0.500564
0.320591
0.320591
0.320591
0.149649
0.149649
0.149649
0.107076
0.966788
0.966788
-0.604178
-0.912509
-0.912509
-0.912509
-0.912509
-0.683844
-0.683844
0.115879
0.614303
0.584574
-0.121005
-0.121005
-0.121005
0.315049
0.315049
1.22438
1.22438
0.802443
1.09451
-0.411288
1.17355
1.17355
1.16868
0.271607
-0.541063
-0.541063
-0.541063
-0.396175
-0.396175
-0.907128
-0.961688
-0.961688
-0.961688
-0.961688
0.197735
0.144073
0.144073
0.843903
-0.706416
-0.706416
-0.958142
-0.649113
1.25193
0.773851
0.920102
-0.226337
1.40123
1.40123
1.40123
1.40123
1.40123
1.40123
1.65024
0.718342
0.718342
0.718342
0.718342
0.718342
0.718342
0.718342
1.05336
1.05336
1.05336
1.05336
0.873863
-0.609917
0.504726
1.11528
1.11528
-0.380334
-0.380334
-0.380334
1.06791
1.06791
-0.44227
0.620824
-0.916375
-0.23877
-0.23877
-1.22575
-1.22575
-0.681743
-0.681743
-1.31473
0.55542
-1.34376
-0.457835
-0.457835
-0.457835
0.0616608
0.0616608
0.0616608
1.31061
1.7002
1.7002
1.7002
1.7002
0.591495
0.308362
0.619472
0.619472
0.619472
-1.03145
-1.12307
-1.12307
0.481906
0.481906
0.162364
0.162364
-1.0755
-1.0755
0.0646972
-1.37884
0.419204
-0.998075
-0.0896518
0.165215
-0.351465
-0.351465
0.623666
0.141126
-0.192009
-0.192009
-0.393824
0.849764
-0.237313
-0.237313
0.265783
1.43632
0.575166
0.575166
-0.0278723
-1.26249
-1.26249
-1.26249
0.159887
1.30799
-0.240547
0.454004
-0.263005
-0.798847
-0.10303
-0.0200904
-0.0200904
-0.71886
0.845966
0.194289
-1.20443
0.0551999
0.0361651
-0.99311
-1.08882
0.0699332
0.769268
-0.174994
-0.191474
-0.191474
-0.191474
-0.191474
-0.191474
0.698091
0.853293
-0.847437
-1.32493
-1.14714
0.76369
1.56627
-0.184441
0.231012
0.496365
-1.01461
0.0119336
-1.28784
0.595214
0.595214
-0.820483
0.636302
0.484721
-0.977378
-0.553211
-0.553211
-0.553211
-0.553211
0.507031
0.507031
-0.599533
-0.395999
-0.395999
-0.395999
-0.395999
-0.428807
0.779892
0.816525
0.816525
0.816525
0.816525
0.2362
-0.120559
-0.831254
-0.831254
-0.262257
0.223574
-1.00574
-1.00574
-0.687606
-0.797564
-0.121026
1.22593
-0.522448
-0.522448
0.585089
-0.613668
0.837936
0.837936
-0.0747866
0.918006
0.876907
-0.536043
-0.536043
-0.801301
0.38154
-0.9264
-0.9264
-0.498684
-0.498684
0.172404
0.733312
0.733312
-0.231187
-0.231187
-0.231187
-0.231187
0.0727685
0.385159
1.0189
0.219061
0.219061
-0.815155
-0.815155
1.10332
0.62973
0.62973
0.76894
0.76894
0.76894
0.76894
-0.212036
-0.212036
-0.212036
0.0490356
0.371963
0.959949
0.959949
-0.479092
-0.479092
-0.191988
-0.191988
-0.671064
-0.671064
0.580329
0.580329
-1.10707
-0.436277
-0.436277
1.47139
0.205381
-0.60757
-1.65534
-1.50193
-0.693793
-0.680758
-0.680758
-0.680758
-0.279567
-0.279567
1.01116
1.01116
-0.639839
-0.639839
-1.02642
-1.02642
0.349638
0.494781
0.494781
0.494781
0.494781
-0.0674285
-0.203681
0.318104
0.814102
-0.507532
-1.0216
-1.174
-1.174
-1.35429
-1.35429
-1.35429
-1.11108
-0.535406
-0.460868
-0.460868
0.763994
-0.744026
-0.744026
-0.744026
1.10796
1.10796
1.10796
1.10796
1.10796
0.0279663
0.0279663
0.879398
0.053311
0.776027
0.596635
0.596635
-0.548846
1.12595
1.12595
1.12595
-0.646307
1.27813
1.27813
0.14026
0.14026
0.14026
-0.436756
-0.436756
0.498661
0.16602
0.16602
-0.678493
-0.128879
0.00186192
-0.864189
0.358396
-0.0205297
0.424467
0.424467
0.318895
1.35095
1.47405
1.47405
0.400197
-0.225295
-1.71093
-1.1187
-1.1187
-1.1187
-1.1187
0.0528219
-0.273223
0.612608
-1.22873
-1.22873
-1.12422
0.446901
0.729012
0.383922
-0.0402047
0.112723
-0.88324
-0.88324
0.919379
1.2224
1.2224
1.2224
1.2224
1.2224
1.2224
0.614533
0.614533
0.614533
0.979211
1.28874
1.28874
0.61612
2.09548
2.10707
2.10707
1.95929
1.20139
0.0413923
0.940869
0.0244752
0.0244752
0.204484
0.204484
1.20901
-0.388531
-0.388531
0.794117
-0.831724
-0.831724
-1.29903
-1.50413
0.314584
-0.864548
-0.864548
-0.181845
0.048892
0.230957
-0.0187998
-0.0187998
0.0243506
0.0243506
1.22972
1.22972
1.22972
1.22972
1.1574
0.624958
-0.644601
-0.852202
-1.00779
0.157169
-0.214356
-0.796985
-0.796985
-0.796985
-0.993428
0.768967
0.768967
-0.0020933
0.995701
0.995701
0.995701
0.552636
-0.473037
-0.523185
0.0152989
0.0152989
0.0852731
0.434943
0.806645
0.806645
0.905094
0.905094
-0.64933
-0.740809
-0.559507
-0.559507
-0.459123
-0.459123
-0.459123
-0.369622
0.53743
0.53743
-1.10525
-1.10525
0.77785
0.241551
1.11421
0.257342
0.267057
1.31123
1.31123
-0.100904
-0.100904
0.0943624
0.491942
-0.792415
-0.774082
-0.774082
-0.774082
-0.774082
0.279901
-0.588706
-0.731273
-0.116394
0.849132
0.849132
-0.356255
-0.356255
0.0317619
0.0317619
0.622064
-0.504696
0.260039
0.260039
0.260039
-0.733205
-0.733205
-0.301662
-0.301662
-0.301662
-0.267472
-0.0111051
-0.0827967
0.0075623
-0.483486
-1.42015
-1.42015
-1.42015
-1.42015
-1.42015
0.132993
-1.47693
-1.47693
0.248292
0.248292
-0.760108
-0.760108
0.839849
0.992891
-0.84437
0.12554
-1.5077
-1.5077
-1.5077
-0.379454
0.33342
0.33342
-1.54191
-0.315176
-0.315176
1.0893
0.763132
-1.11302
0.157152
-0.961523
-0.961523
-0.961523
-1.67009
-1.54072
-0.884283
-0.76926
0.603629
0.419948
-0.982414
-0.982414
-0.0574625
-0.0574625
0.301555
-1.47676
-1.47676
-1.47676
-1.47676
-0.872726
-0.0829629
-0.0829629
1.03549
1.03549
1.03549
1.03549
-0.260632
-0.434544
-0.434544
-0.720921
-1.25391
-1.25391
-1.25391
0.0884304
0.0884304
1.29156
0.92317
-0.59888
-0.59888
0.853824
-0.133817
-0.108117
-0.445951
-0.445951
-0.445951
-0.54973
-0.54973
0.461578
-0.620437
-0.809819
-0.809819
-0.0302307
-0.0302307
-0.0302307
-0.299536
-0.299536
0.495903
-0.679074
-0.679074
-0.679074
-0.679074
-0.679074
0.702611
0.320436
0.320436
0.320436
0.320436
0.072993
0.072993
0.464343
1.45624
1.2109
0.896978
0.36819
0.36819
-1.23219
-0.420919
-0.958417
-0.958417
-0.958417
0.721075
0.721075
-1.01145
-0.966857
-0.910416
-0.537568
-0.537568
0.122655
-0.33006
-0.33006
-1.45131
-1.45131
-1.47942
-0.259351
-0.259351
-0.259351
-0.312437
0.11584
-0.320082
-0.320082
0.939843
-0.197038
-0.202258
0.370741
0.370741
-0.239111
-0.239111
0.231683
-0.720816
-0.724999
-1.42239
-0.605403
1.1236
1.1236
0.196703
-1.64479
-1.64479
-1.64479
-1.64479
-1.64479
-1.64479
-1.49731
-1.49731
-1.74098
-1.74098
0.0899013
0.0899013
0.0899013
0.588894
0.588894
1.01285
1.01285
1.01285
0.300936
0.966988
0.27905
-0.265879
0.134196
-1.04735
-1.04735
0.0539443
0.0539443
0.493807
0.493807
-0.903105
0.334203
0.816104
-0.9041
0.514769
0.767828
0.767828
-0.609451
-0.434387
-1.25494
-1.25494
-1.25494
-1.1089
-0.699013
-0.844033
-0.247376
-0.247376
-0.247376
-1.60275
-0.367541
-0.367541
0.0358389
0.0358389
-1.07377
-1.07377
-1.17703
-1.17703
-1.17703
0.4496
-0.660549
0.258135
1.93037
0.887844
-0.184754
1.37929
0.707841
0.707841
0.707841
-0.230578
-1.03662
-1.03662
-1.03662
-0.0829284
-0.0829284
-1.03005
0.850936
0.850936
0.116949
0.116949
-0.660742
-0.947371
0.507849
0.850319
0.850319
-0.563221
1.29447
-0.334438
-1.05747
-1.05747
0.224285
0.224285
-0.758057
0.117048
-0.693054
0.0695102
0.0695102
0.0695102
0.0695102
0.384972
0.288248
1.14733
0.410886
0.85684
0.549576
0.549576
0.523267
-0.097383
-1.00037
-1.00037
-1.00037
-1.00037
-0.49977
0.0499842
0.0499842
-1.09968
-1.09968
-0.354726
0.192104
0.819721
0.819721
-0.343147
1.42703
0.98021
0.98021
0.98021
0.955494
0.0695507
-0.216385
1.47982
1.47982
1.40692
1.40692
1.40692
1.33205
1.71476
1.71476
1.71476
1.71476
0.787207
0.787207
1.02612
1.37795
1.37795
1.37795
0.0100143
0.31983
-0.130698
-0.130698
0.581622
1.2124
1.13825
1.13825
1.13825
0.254833
1.00353
1.00353
1.00353
0.849336
0.849336
0.849336
-0.67499
0.544364
-0.257734
-0.257734
-0.702551
-0.576042
-0.576042
0.30683
-0.828718
0.0995255
0.0995255
0.0995255
0.452329
0.452329
0.452329
0.452329
-0.388845
-0.388845
1.05519
-0.135386
-0.135386
-0.650794
0.690161
-0.934896
-0.482389
-0.482389
-0.0156341
-0.0156341
0.436222
0.936289
1.02003
1.02003
1.80044
1.80044
1.31716
1.00041
-0.650416
0.908821
-0.995901
-0.995901
-0.982959
-1.12255
-1.12255
-0.441935
-0.441935
0.905007
0.905007
0.406954
0.406954
0.406954
0.526396
0.526396
0.526396
0.526396
-0.553889
-0.553889
0.784072
0.784072
1.7389
1.1746
1.1746
0.353148
-0.272094
-0.272094
-0.272094
-0.272094
0.627169
0.627169
0.627169
0.420194
-0.775888
-0.775888
-0.775888
-1.16968
-1.16346
-1.16346
-1.16346
-0.864302
-0.537128
0.443957
0.443957
0.998131
0.998131
0.781756
0.781756
-0.858837
-1.19139
-1.19139
-0.192165
-0.760859
-1.17571
-1.17571
-1.17571
-1.23633
-1.23633
-1.00977
-0.84631
0.665284
-0.624221
0.117154
0.117154
1.07239
0.959726
-0.458656
0.322387
1.2498
1.48188
1.48188
1.48188
-0.235663
1.058
1.058
0.594519
0.594519
0.799784
-0.21778
1.29639
1.29639
-0.293877
-0.293877
-0.293877
-0.293877
-0.293877
0.988763
0.988763
0.377763
0.0146263
0.0146263
-0.759123
-0.759123
-0.759123
-0.759123
-0.201081
0.874264
0.874264
0.892099
0.892099
0.33567
-1.31342
-0.0217838
0.660247
1.54018
1.54018
-0.241346
-1.0273
-0.152971
0.0792431
0.875268
-0.662376
-0.718798
1.06053
-0.343018
-0.343018
0.861514
1.444
1.444
1.444
1.444
1.444
-0.337825
-0.337825
-0.337825
-1.54278
-1.54278
-1.87849
-1.87849
-0.924322
-0.782181
-0.394767
-0.394767
-0.394767
-0.609929
0.573976
0.573976
0.347019
0.347019
1.13207
0.201822
-0.290243
-0.176351
-0.706455
-0.706455
-0.706455
-0.706455
-0.706455
-1.12998
0.166057
-0.392128
-0.392128
0.959437
0.449305
-0.420854
-0.956507
-0.698422
1.22832
1.22832
1.22832
-0.282054
0.133057
0.788384
0.788384
0.788384
0.761676
0.761676
-0.339911
-0.339911
-0.339911
0.423638
0.423638
-0.906979
0.141222
1.04442
1.04442
-0.426469
-0.426469
-0.426469
-0.711226
-1.09533
0.00196486
0.246593
0.246593
0.632249
-0.831111
-0.831111
0.140864
-0.58904
-0.58904
-0.0819709
-0.0819709
-1.03835
-1.01883
-0.54878
-1.18961
-0.266991
-1.18527
-1.18527
-1.06218
-0.181168
-0.856032
0.41683
-0.868498
-0.0566492
0.448031
-0.437161
-0.437161
-0.437161
0.371899
-0.827218
-0.861409
0.161638
0.161638
0.161638
0.30375
0.251054
-0.482336
-0.482336
-0.687049
0.478337
0.707411
-0.205788
-0.205788
0.893301
-0.61892
-0.61892
-0.61892
0.538358
0.538358
-0.466974
-0.466974
-0.556428
0.0700038
0.0700038
0.0700038
0.0700038
-0.340116
-0.340116
-0.340116
-0.340116
1.07594
1.35761
-0.14618
-0.788488
1.03221
0.158302
0.158302
0.158302
0.877621
0.133511
0.737585
-0.386317
-0.661594
-0.437866
-0.437866
-0.479662
0.0840413
-0.444439
-0.444439
-0.255647
-0.255647
0.968577
0.275214
0.275214
0.425705
-0.521939
1.02953
-0.422542
-0.422542
-0.504498
-0.560267
0.437654
-0.272994
-0.272994
-0.139404
-0.139404
-0.164209
-0.660594
-0.675948
-0.675948
-0.580141
0.387658
0.387658
0.387658
0.387658
0.387658
0.387658
0.724751
-0.521414
0.850163
0.850163
0.850163
-1.04999
-0.511071
-0.538135
-0.538135
-0.127254
0.602593
-0.975521
-0.0232703
-0.0232703
0.890914
1.00479
0.584314
0.584314
-1.0666
-1.17849
0.575505
0.439999
1.64782
1.72622
1.72622
0.2954
0.257737
-0.33772
-0.310824
-0.541684
-1.03482
-1.03482
0.570495
0.832263
-0.30211
-0.30211
0.666051
-0.543053
-0.543053
0.255507
-0.506945
0.712194
-1.16662
-0.0045601
0.311463
-0.249307
-0.960586
-0.960586
0.3833
0.107349
0.107349
1.52055
1.52055
0.110421
0.110421
-0.115119
-1.13055
0.0696408
0.0696408
-0.145244
-0.926643
-0.926643
0.328683
-0.73707
-0.0267544
0.840714
0.632504
0.952613
0.952613
0.952613
0.952613
0.358801
0.358801
-1.02335
-0.803875
-0.803875
-1.08695
-1.05284
-1.97632
-1.97632
-1.43128
-1.43128
-1.43128
-1.43128
-1.33752
0.441767
0.441767
1.49298
1.49298
0.66074
0.66074
0.66074
0.589901
0.589901
0.589901
0.589901
0.589901
0.661485
0.661485
0.661485
0.661485
0.661485
0.590743
0.590743
0.50301
0.50301
0.110106
0.110106
0.110106
-0.134107
-0.134107
-0.134107
-0.134107
-0.134107
0.118267
-0.330188
-0.330188
0.82088
0.82088
0.58775
0.337367
0.337367
0.337367
-1.27944
-0.860795
0.068712
-1.51735
-1.51735
-1.51735
-1.51735
-0.757382
-0.0101886
-1.1324
0.631279
-0.624864
1.24751
0.91131
0.00687507
-0.173265
0.881402
-0.36213
-0.36213
-0.36213
1.01948
1.01948
0.767932
0.767932
0.767932
-0.688077
0.514543
-0.0575989
0.869046
0.326747
0.0345218
-0.829563
-0.829563
-0.149085
-0.149085
-0.149085
-0.149085
-0.896041
0.635944
-0.802574
-1.11413
-1.11413
0.14852
1.29621
-0.269423
1.2667
1.2667
1.2667
1.2667
1.2667
1.2667
0.749621
-0.763359
-0.763359
1.19944
0.715012
0.840813
-0.170156
0.533943
0.510165
0.510165
0.761286
-0.274522
-0.274522
1.06424
1.06424
-0.303379
-0.303379
-1.07076
0.233559
0.725401
0.725401
0.725401
0.725401
-0.961686
0.229044
1.08856
1.08856
1.08856
-0.860292
1.05163
1.05163
1.05163
1.05163
-0.50308
-0.50308
-0.45436
-0.45436
-0.45436
-0.831551
-1.09444
-1.09444
-0.182395
0.293195
0.804462
0.804462
0.804462
0.804462
0.633611
1.18358
1.18358
1.18358
1.31447
1.31447
1.31447
1.31447
1.31447
0.764798
0.764798
1.01488
0.00272582
1.57861
1.57861
1.57861
0.591271
-0.882616
-0.882616
-0.882616
-0.335828
-0.335828
-0.214278
-0.214278
0.624121
-0.789209
-0.472048
1.03824
0.560673
0.560673
-0.13189
-0.862125
-0.862125
-0.862125
0.555187
-0.911778
-0.818826
-0.818826
0.306815
-1.13892
-1.13892
-1.13892
-1.13892
0.547585
-0.174215
-1.21272
-1.21272
0.545093
0.545093
1.01797
1.01797
0.900878
0.900878
0.900878
-0.00575176
-0.473131
-0.154584
0.366282
0.820898
0.214476
-1.3878
-1.24343
-0.58202
1.13189
0.673871
1.58134
-0.134732
-0.134732
-0.134732
-0.134732
-0.282026
-0.795085
-0.795085
-0.795085
-1.15592
0.458806
0.458806
0.458806
0.458806
0.80368
-0.137811
-0.137811
-0.137811
-0.137811
0.893475
-1.01381
-0.0629034
-0.884972
0.310685
-0.0938549
-0.0173873
-0.0173873
-1.19805
-1.19805
0.0818698
0.0818698
0.0818698
1.44398
1.44398
1.44398
1.44398
1.89188
1.89188
1.21935
-0.216862
-0.316131
0.084897
1.06033
0.236341
-0.163495
-0.710253
-0.710253
-0.710253
-0.710253
-0.710253
-0.835045
0.223857
-0.388255
-0.194929
-0.981702
-0.397658
0.463047
0.463047
0.463047
0.165254
0.996973
0.996973
1.43086
-0.436606
0.163643
0.22329
0.22329
-0.876637
0.755601
0.755601
0.755601
0.100388
0.268111
1.39373
1.39373
0.933453
0.69673
0.839767
-0.0873293
-0.0873293
-0.0873293
-0.194371
0.646336
-0.853986
-0.853986
0.966631
-0.561654
-0.561654
-1.16652
-0.269038
0.537548
0.537548
-0.958403
-0.518354
-0.518354
-0.518354
-0.130374
0.651125
0.651125
-0.165065
-0.0847088
0.732343
-0.815384
-0.815384
-1.03663
-1.03663
-1.24081
-0.984203
0.0864827
0.887912
-0.457932
-0.457932
-0.457932
-0.457932
1.1212
0.241315
0.241315
-1.22988
-1.22988
0.730266
-1.17936
-1.17936
-1.17936
0.674111
-0.726726
0.132985
-0.532152
-1.07186
-1.12011
-0.0151139
-0.288962
-0.288962
0.711534
-0.516463
-0.105835
-0.0523586
-0.0523586
-0.490709
-0.490709
-1.02763
-1.02763
-1.02763
-1.02763
-1.28264
-1.07468
0.186266
-1.05564
-0.3423
0.770452
0.770452
-0.872851
-0.307064
-0.416165
0.818888
0.818888
0.929357
0.929357
-0.0976638
-0.0976638
0.235215
0.235215
0.52876
0.244139
-0.909921
-0.909921
-0.274517
-0.0818288
-0.0818288
-0.0818288
-0.0818288
-0.0818288
-0.0818288
-0.147867
-0.0903574
0.406953
0.406953
0.0635863
0.0635863
-0.0917839
1.27415
-0.0282272
-0.849437
0.412323
-0.486723
-0.486723
-0.486723
-0.0351688
-0.0351688
-1.08492
-1.08492
-1.08492
-0.810382
1.0709
0.668859
-0.208748
-0.305796
-0.305796
-0.305796
-0.305796
-0.305796
-0.305796
-0.305796
-0.305796
-0.305796
0.481054
0.390357
0.390357
0.390357
-0.72951
-1.03903
-1.03903
0.790723
-0.558649
0.221541
-0.228617
-0.228617
-0.324903
-0.324903
0.0775859
0.657954
-0.298579
1.13469
1.13469
1.13469
-0.596732
0.715608
0.715608
-0.311266
0.794123
0.994578
0.994578
0.994578
0.0999747
1.42296
1.72776
1.053
0.314392
-0.809691
-0.414235
0.451512
1.42773
1.42773
1.42773
-0.503546
-0.0723803
0.15483
-0.860777
-0.0945054
1.14283
-0.686981
-0.686981
-0.138428
0.803871
0.803871
0.803871
0.106403
-0.516498
-0.516498
-0.516498
-0.516498
0.647329
-0.0499421
-0.0499421
-0.0499421
0.643075
0.643075
0.643075
0.643075
0.934648
0.934648
-0.955997
-1.88588
-0.828827
0.0480795
1.43108
0.781744
-1.00624
0.233717
1.23016
0.261894
-1.37466
-1.03575
-1.14916
-1.14916
0.747175
1.00019
1.00019
-0.945088
-0.945088
-0.945088
-0.138493
1.76375
1.76375
0.56895
0.56895
0.671196
-0.804931
0.726133
-0.394013
0.0404565
0.0784772
0.92914
0.62321
0.437497
-0.932281
-0.932281
-0.932281
0.211841
0.211841
0.211841
1.64533
1.25503
1.25503
1.03502
1.03502
1.03502
1.41458
1.41458
1.41458
-0.107832
-0.107832
0.270868
0.270868
0.509588
0.61949
0.579235
0.579235
-1.12304
-1.12304
-0.648897
-0.882465
1.07447
0.571687
-0.898593
0.723771
0.723771
0.878566
0.878566
0.878566
0.158732
1.074
1.074
0.207265
0.207265
0.207265
0.207265
0.207265
0.207265
1.06424
1.06424
1.06424
0.153943
0.153943
-0.930975
-0.930975
-0.930975
-0.930975
-0.209159
-0.432822
-0.432822
-0.432822
-1.49262
-0.417119
-0.781975
-0.356359
0.597095
0.597095
0.597095
0.579432
0.67993
-0.637169
-0.637169
0.679228
0.367916
-1.02939
-0.112595
-0.922533
-0.922533
0.239547
-0.104795
0.761505
0.875169
-0.241927
-0.00467476
-0.00467476
-0.00467476
-0.00467476
-0.976319
0.421468
-0.105329
-0.0713174
0.997063
0.1975
0.1975
-1.19221
-1.19221
-1.19221
-0.678223
-0.678223
-0.678223
-0.678223
1.08932
-0.094386
1.53846
1.53846
0.569121
-0.489235
-0.0325196
-0.0325196
-0.0325196
0.350195
1.59082
1.30541
1.30541
0.739952
-0.408512
1.05467
1.05467
1.05467
0.121048
-0.409062
0.300723
-0.163268
-0.0449071
-0.0449071
0.91354
-0.352894
0.27819
-0.765968
-0.765968
-0.765968
-0.765968
-1.30964
-1.30964
-0.719707
0.300927
0.183877
1.97145
1.97145
1.97145
1.97145
0.601108
0.63929
0.63929
0.63929
-0.885684
0.688628
0.688628
0.688628
0.688628
0.456908
-1.10115
0.533827
-0.351886
0.697321
-1.23803
-0.118755
-0.118755
1.03216
1.03216
-0.339842
-0.339842
1.00055
0.576194
-0.0260507
-0.293512
1.22602
1.22602
1.22602
0.234813
0.234813
1.40194
0.583971
-0.00942371
-0.258077
1.3932
0.521325
-0.884834
1.03856
1.4191
0.323955
0.323955
0.554105
-0.653747
-0.653747
0.310281
0.343991
0.343991
-0.46048
-0.46048
-1.08157
-1.08157
0.571792
-0.790957
-0.237744
0.471381
0.471381
1.15097
1.01595
0.458647
1.08717
-0.520042
0.279906
0.692472
1.29678
1.09844
1.09844
0.495014
-0.540769
-0.543352
-1.18508
-1.47483
0.0332864
-0.379267
0.338878
-0.956338
-0.956338
-0.612658
-0.612658
0.958177
0.791349
-0.0454618
-1.14708
-1.14708
0.428671
-0.980096
-0.443416
-0.443416
0.691764
0.124012
0.124012
-0.928645
-0.318584
-0.801212
-0.801212
-0.801212
-0.455667
-0.517243
-0.517243
0.0426893
-0.137978
-0.137978
0.990388
0.990388
0.990388
0.990388
0.941537
-0.020886
-0.020886
0.532135
-0.511597
0.74732
-0.038681
-0.038681
-0.038681
0.0530638
0.0530638
1.31636
0.494325
0.515838
0.109968
0.109968
-0.709466
-0.709466
-0.684493
-0.684493
-0.515956
0.339191
0.339191
0.339191
-0.564605
-0.564605
0.217621
0.217621
-0.283743
-0.130944
-1.01839
-1.56724
-1.56724
-1.56724
-0.974714
-0.974714
0.978078
-0.774851
-0.774851
0.63672
0.63672
1.11383
1.11383
1.11383
0.500526
-0.7255
0.778598
1.57946
-0.201515
-0.201515
-0.741452
-0.741452
-0.741452
-0.741452
1.14676
0.474593
0.474593
0.474593
0.474593
-0.616332
0.830815
-0.432129
-0.604478
-1.01317
-1.01317
-1.01317
-1.01317
-0.436252
-0.436252
0.169357
0.169357
0.783861
0.538849
-0.754967
-0.754967
-0.754967
-0.754967
-1.11515
-0.811191
1.13977
1.13977
-0.727083
-0.727083
-0.858602
0.255981
-0.808581
-0.808581
-0.013259
-0.013259
-1.04103
-1.04103
-0.787134
0.590559
-0.104851
-1.02837
-1.09074
0.870887
0.560215
0.560215
-1.29343
-1.29343
0.154036
0.154036
-0.641305
-0.641305
-0.641305
0.406655
0.342229
-0.294965
0.703539
0.703539
0.720257
0.785751
0.785751
0.785751
0.89531
-0.141778
-1.43504
-1.43504
-1.80156
-1.80156
-1.52577
-1.52577
-1.27985
-1.27985
-1.27985
-0.187257
0.600123
-0.684948
-0.684948
-0.684948
0.780755
-0.139146
-0.139146
0.761967
0.761967
0.620856
0.620856
-0.0322168
0.928348
0.570908
1.22934
1.22934
-0.214356
0.640697
0.640697
-1.10132
0.488182
0.121904
-0.88755
-0.886996
0.22432
-0.85701
-0.85701
0.130726
0.130726
-0.180022
0.716027
-0.725439
0.383823
-1.23331
0.322529
0.322529
0.322529
0.823193
0.823193
0.823193
0.16037
-1.43209
-0.505823
0.834706
0.141902
-0.828401
-1.37147
-1.37147
-1.37147
0.480357
0.480357
0.193955
0.193955
-0.597712
-1.03332
-0.655962
-1.09867
-1.09867
-0.595895
-0.595895
-1.07523
-0.395397
-0.395397
-0.395397
-0.395397
-0.375674
-0.375674
0.900435
1.1777
1.1777
1.1777
-0.0390193
0.19173
0.19173
1.80428
0.473911
0.696309
0.696309
-0.338526
0.666581
0.666581
-0.753425
-0.753425
0.744286
0.744286
0.887652
0.887652
1.05499
1.05499
1.05499
1.05499
0.10163
0.872983
0.294773
1.10532
-0.353371
1.06845
1.06845
1.06845
0.226064
0.231398
0.231398
0.231398
0.0852825
0.0852825
-0.249768
-0.249768
-0.725593
-0.725593
0.441906
0.441906
-0.500695
0.162267
0.162267
-0.29532
-0.822101
-0.822101
-0.627499
-0.627499
-0.627499
-1.0249
0.0760962
0.599712
-0.80917
-1.53094
-1.53094
-1.40552
-1.40552
0.489598
0.489598
0.73945
0.73945
0.525013
1.26819
1.26819
1.26819
-0.252344
-0.252344
-0.252344
0.734989
0.734989
-0.770972
-0.770972
0.98629
1.24712
1.24712
-0.167964
-0.167964
-0.167964
-0.167964
-0.167964
-0.421455
-0.566119
-0.612727
-0.612727
-0.612727
-0.612727
-1.21116
-1.10862
-1.10862
-1.10862
-1.10862
-1.10862
-1.10862
0.74898
0.524566
0.524566
0.524566
-0.206039
0.202244
0.202244
-1.08308
0.0533803
0.298289
0.219664
-0.902289
-0.902289
-0.902289
-0.902289
-0.902289
0.944217
-0.133136
-0.133136
-1.12445
-1.12445
0.133412
0.133412
0.133412
0.133412
0.133412
0.819178
-0.830562
-0.830562
-1.55039
-1.55039
-1.55039
0.298353
-0.533918
-0.533918
-0.533918
0.673672
-0.976503
-0.976503
-0.976503
0.039587
0.039587
-0.470342
0.651837
-1.26208
0.026684
-0.638099
-0.638099
-0.510353
-0.898943
-0.704063
-0.704063
-0.704063
-0.704063
0.412938
0.412938
0.412938
-0.171303
-0.171303
-1.18323
-0.694894
-0.694894
-0.904794
-1.04264
-0.685954
-0.685954
0.960842
0.257111
0.257111
0.257111
0.257111
-0.906762
0.390973
0.390973
0.390973
-0.16185
1.13745
-0.599822
1.01743
1.01743
0.54779
-0.479234
0.412426
0.412426
-0.790707
0.96825
-0.57875
-0.57875
-0.57875
-0.57875
-0.57875
-0.386266
-0.100131
0.956842
0.956842
0.297317
1.07458
1.07458
-0.410638
-0.410638
-0.410638
-0.410638
-0.410638
-0.410638
-0.000264997
0.361091
0.361091
0.361091
0.707573
-1.12997
-1.12997
-1.12997
-1.1481
-1.49649
-1.49649
-1.49649
0.262291
-0.628062
-0.628062
-1.3716
-1.3716
-1.3716
-1.3716
-1.3716
-1.3716
-0.631516
-0.631516
-0.631516
0.605719
0.605719
1.04303
-0.616684
0.833125
0.0760935
-1.56361
-1.56361
-1.81169
-1.81169
-1.81169
-1.4451
-0.534918
-0.747971
-0.959723
0.276223
0.276223
0.276223
0.276223
0.230064
-0.407256
-0.32029
-0.32029
1.44311
0.0192808
1.3596
0.402512
0.0616209
0.689207
0.689207
0.666803
1.47062
1.75262
-0.16068
-0.255784
-0.255784
0.911468
-0.325198
1.31953
0.250416
-0.688855
-0.280469
0.963733
0.509608
1.09548
-0.523575
0.305582
0.305582
0.80202
-0.755818
-0.755818
-0.755818
-0.0428114
-1.59804
-0.684479
-0.684479
0.406194
-0.514414
-0.514414
-0.514414
-0.514414
-0.514414
1.04901
-0.560747
-0.560747
0.52902
0.494003
0.494003
0.494003
0.494003
0.704576
1.54315
1.54315
1.34905
1.34905
0.331895
1.04224
1.04224
1.28515
1.28515
1.28515
-0.035657
-1.72541
-1.72541
-0.315466
-1.2855
-1.26789
-1.73518
-1.73518
-1.73518
-1.73518
-0.334616
-0.512998
-0.512998
-0.512998
0.328042
-0.689552
0.279443
-1.05743
-0.207838
0.503709
0.503709
0.503709
-0.590358
1.13945
1.13945
1.13945
1.13945
1.13945
-0.188706
0.321394
0.374792
0.374792
0.391
-0.398404
-0.398404
-0.398404
-0.398404
-0.398404
0.256593
0.256593
0.662459
-0.75042
-1.7111
0.198279
-1.37519
-1.37519
-0.69228
-0.69228
-0.880449
-0.880449
-0.880449
-0.880449
-1.43464
-0.681558
-1.0541
0.718428
-0.592123
-0.592123
0.848264
0.848264
-0.727135
-0.727135
0.976659
-0.389682
-0.0675384
-0.0675384
-0.800705
0.630217
-1.28524
-1.28524
-0.995889
0.847542
0.847542
0.563183
0.576615
0.191839
0.191839
0.191839
0.150535
-0.354865
-0.354865
1.02373
0.810534
0.837551
0.837551
-0.406953
-0.406953
-0.761507
-0.761507
-0.761507
-0.413451
-1.01343
0.0240623
0.0240623
0.0240623
-1.02896
-0.411551
-0.0116918
1.11571
1.11571
1.11571
0.0454333
0.0454333
-0.337098
-0.620028
-0.620028
-0.620028
-0.620028
-0.620028
-0.620028
-0.620028
0.610362
0.595744
0.595744
-0.453887
-0.453887
-0.453887
-0.811926
-1.26262
0.59406
0.59406
-0.9796
-0.9796
-0.512549
-0.512549
-0.512549
0.124866
0.124866
0.124866
0.308069
0.308069
0.308069
0.887043
1.21232
1.43775
1.43775
0.894625
0.459987
-0.586407
-0.314833
0.86713
0.86713
0.86713
0.86713
0.86713
-0.414452
-0.529137
-0.637369
-0.808015
-0.808015
-0.808015
-0.808015
0.631753
-0.680397
-0.280141
-0.960361
-0.732321
-0.524346
-0.542144
-0.829218
-1.07614
-0.298114
-0.298114
-0.298114
0.73307
0.404602
0.404602
-0.166527
-0.166527
0.557756
0.076483
1.31624
0.543529
-1.01646
0.702294
1.50742
1.50742
1.50742
1.50742
0.959275
0.0242437
-0.00806984
1.01859
0.674028
-0.270722
0.547604
0.0428923
0.941727
0.941727
0.861158
-0.114596
-0.303321
0.898002
0.201652
-1.12425
-0.192256
0.954032
0.151675
-0.568049
-1.23431
-1.23431
-1.23431
0.705066
0.705066
0.705066
0.705066
0.2309
0.771931
0.771931
0.771931
0.243282
0.242508
0.242508
0.242508
-0.121236
-0.328682
-0.829625
-0.0771152
0.914619
-0.650571
-0.650571
-0.0904084
-0.715377
0.680128
0.137416
1.0983
1.14414
1.39478
-0.322578
0.729445
-0.199263
-0.414144
-0.414144
-0.414144
-0.414144
-2.11213
-2.11213
-2.11213
-2.11213
-0.257612
0.72672
-1.09491
-1.24901
-1.24901
-1.24901
0.376208
0.376208
-1.4086
-1.4086
-0.0706051
1.43848
1.43848
0.661601
0.203391
0.755962
-0.749957
-0.749957
-0.224222
-1.10223
-0.172312
0.535115
-0.106979
0.296578
0.444979
0.444979
0.444979
0.869574
0.869574
0.371681
-0.852558
-0.0104555
-0.0104555
-0.0104555
-0.0104555
-0.0104555
0.175798
0.140699
0.601496
1.15749
-0.24368
-0.904461
-0.904461
0.420931
0.545937
0.545937
0.545937
0.545937
0.545937
0.169953
1.348
-0.405127
-0.405127
-0.832785
0.911125
0.208802
-0.890382
0.266195
-0.550997
-0.901733
0.00729443
0.00729443
0.00729443
0.00729443
0.00729443
0.00729443
1.21123
1.21123
1.21123
1.21123
-0.176657
-1.13015
-1.13015
-1.13015
-1.13015
-1.13015
0.180503
0.180503
0.470742
-0.534249
-0.534249
-0.534249
-0.608985
1.03547
-0.501075
1.30329
1.30329
1.30329
1.30329
1.30329
1.30329
1.30329
1.30329
1.06819
-0.425351
1.07328
1.07328
0.518652
0.518652
0.518652
0.518652
0.518652
0.132127
0.495576
0.543129
0.701085
-0.679174
-0.4881
-0.4881
-0.4881
0.00866788
0.00866788
0.0962719
0.0962719
0.0962719
0.0962719
-0.0372546
-0.0372546
0.318841
-0.684796
-0.254496
-0.709468
-0.497279
-0.755303
-0.708234
-0.708234
0.202261
0.202261
1.37684
1.3425
1.3425
0.588646
0.588646
0.108483
0.0151331
0.0151331
0.234687
-1.71324
-1.71324
-1.71324
-0.130557
-0.283928
-0.283928
0.767698
0.767698
0.767698
0.767698
-0.206367
0.790549
0.793761
0.793761
0.638349
0.880514
-0.154244
-0.154244
-0.154244
-0.154244
-0.154244
1.18132
1.18132
1.18132
2.04615
2.04615
1.43968
1.43968
-0.442675
-0.878795
0.664524
0.664524
0.664524
0.664524
-0.176775
-0.960255
0.420886
0.76153
-0.0734743
0.878342
0.878342
1.08984
1.0542
1.0542
0.630991
1.2228
-0.726897
-0.726897
-0.487778
-0.647432
1.04292
-0.351938
0.00335648
0.759306
0.759306
0.759306
0.160747
-0.027513
-0.027513
-0.027513
-0.482746
-0.482746
0.0520875
-0.0202837
-1.04702
-1.04702
-0.974455
-0.974455
0.239983
-1.41614
-1.41614
-1.36482
-1.36482
-1.36482
0.234334
0.0997337
-1.02288
-1.65697
-0.965435
-0.965435
0.8214
0.420807
-1.20519
0.706288
-0.988619
-0.988619
-1.44635
-1.44635
-0.935972
0.762858
-0.164532
-0.138893
-0.80716
-0.80716
-0.80716
-0.258038
-0.258038
-0.258038
-0.258038
0.920002
0.920002
0.920002
1.181
1.181
1.181
1.181
1.181
1.47063
1.47063
1.47063
0.209375
1.17475
0.791767
0.301601
-0.879924
-0.0668
0.772779
0.772779
0.772779
0.772779
-0.377977
0.673861
0.673861
0.673861
0.980276
0.964476
-0.0510753
-0.741199
-0.741199
0.833115
0.575248
0.940278
0.9903
0.23827
1.08198
0.98588
0.98588
-0.24379
0.89444
-0.0926445
-0.0926445
-0.0926445
-0.761094
0.82011
0.82011
0.82011
0.415672
-1.12388
0.383153
-1.33733
0.154718
0.154718
0.154718
0.842979
1.37363
1.37363
1.37363
1.37363
1.0408
0.944174
-0.820652
-1.57107
-0.202492
-0.202492
0.923752
0.923752
0.923752
0.923752
1.52074
0.880933
0.880933
0.194883
0.106
0.106
1.17633
-0.452258
-0.452258
0.469531
0.469531
0.469531
-0.566873
0.75092
0.419219
0.697579
0.697579
-0.103452
0.428004
-0.537603
-1.09604
-0.595501
-0.0229656
-0.0229656
1.53152
1.53152
1.53152
1.53152
0.239594
-0.618199
-0.618199
0.39154
0.39154
-0.428887
-0.428887
0.0716146
0.0716146
0.0716146
-1.14547
-1.14547
0.424611
0.862416
0.140657
0.520417
0.418114
0.0590481
-1.29725
0.635072
0.635072
-0.395528
0.01833
0.278149
0.278149
0.201518
0.929551
1.95868
1.87585
0.679435
-0.0214111
1.06419
-0.356844
-0.356844
0.451232
0.451232
1.21229
1.21229
1.21229
1.21229
1.21229
1.21229
-0.671465
0.706916
-0.796609
-1.39256
-0.396067
-0.38473
-0.38473
1.30996
0.243188
0.243188
0.243188
0.68893
0.04625
0.04625
0.614135
0.0715563
-0.0917376
0.182703
0.182703
0.127338
-0.778284
-0.778284
-0.778284
-0.778284
0.338929
0.338929
0.501208
-0.496004
-0.496004
1.30836
-0.250954
-0.250954
0.402045
-0.949845
-0.949845
-0.792608
-0.792608
0.181893
0.557599
0.557599
-0.342012
0.498954
-0.394009
-0.394009
-0.67964
-1.53477
-1.43231
0.166976
0.166976
-0.486388
-0.486388
-0.486388
0.468183
0.468183
0.468183
-0.227314
-1.2326
0.0560516
1.06038
1.06038
1.06038
-0.717894
-0.884495
0.0460717
-1.10061
-0.789467
-1.54617
-0.686889
-0.416803
-0.778053
0.400276
0.400276
0.432884
0.432884
-1.47121
-1.47121
-1.23833
-1.23833
-0.481308
0.427344
-1.37914
-1.37914
-1.58412
0.0722461
0.0722461
1.11775
0.347531
0.347531
0.282978
0.282978
-0.330273
-0.330273
-0.330273
0.643711
0.643711
0.643711
1.1151
0.608341
-1.17346
-1.17346
-1.17346
-1.17346
-1.10359
0.34476
-0.263579
-1.29583
-1.0092
-1.24569
-1.24569
-1.24569
-1.24569
-1.24569
-0.367713
0.444902
-1.31962
-0.807895
-0.807895
0.664166
-0.591667
0.0568709
0.0568709
1.5495
1.5495
-0.110924
0.844892
-0.713916
-0.713916
-0.713916
-0.796744
-0.796744
-1.10602
-1.10602
0.241062
-0.902263
-0.902263
-0.648371
-0.829296
-0.582076
-0.582076
0.415148
-0.613564
-0.112611
-0.112611
-0.295117
-0.295117
1.3046
1.3046
1.3046
0.251035
-0.739351
-0.739351
-0.183059
-0.183059
-0.183059
-0.183059
-0.183059
-0.183059
-0.183059
-0.183059
-0.482172
-0.482172
-0.226018
1.51149
-0.251936
-0.251936
0.583243
0.583243
-1.03632
-1.03632
-1.03632
0.682981
1.08883
-0.716917
-0.716917
-0.306089
-0.141684
-0.141684
-0.573336
-1.01634
-0.313815
-0.286442
0.499502
0.0576502
0.0576502
0.0576502
-0.189747
-0.0334256
0.512156
0.512156
0.512156
-0.494681
-0.362235
0.223107
0.95715
0.95715
-0.750656
-0.0448242
-0.533649
0.935662
-0.183741
-0.0324213
-1.06041
-1.06041
-1.0503
-1.26588
-0.988249
-0.439126
-0.439126
-0.124414
-0.10714
-0.10714
-0.808205
-0.936467
0.046527
0.415152
0.415152
0.58527
0.58527
-0.912654
-0.912654
-0.912654
-0.912654
-0.933216
-0.364469
-0.153178
-0.153178
-0.998087
-0.588685
0.29567
0.465938
-0.372579
0.210667
0.210667
-0.325826
0.711844
-0.233282
-0.233282
-1.05028
-1.05028
-1.05028
-1.05028
-1.05028
-1.05028
0.549331
0.549331
-0.890421
-0.201456
0.86772
0.86772
0.561195
1.59556
1.59556
1.59556
1.59556
1.59556
1.1278
-0.761813
-0.0230151
-0.0230151
-0.760538
0.344392
0.712313
-0.633333
0.814486
0.111694
-1.09075
-1.09075
-1.02549
-1.02549
-1.19763
-1.19763
-1.19763
-1.19763
-1.19763
-0.69601
-0.69601
-0.69601
0.527107
1.1001
0.599178
0.599178
0.599178
0.599178
0.599178
0.209781
0.77196
0.77196
0.77196
0.77196
-1.11875
-0.194405
-0.194405
0.444069
1.2194
1.2194
1.17304
0.672442
0.807382
1.1121
1.1121
1.05688
1.05688
0.605858
0.61989
-0.194347
0.0714891
1.47562
1.36518
1.36518
1.28149
1.28149
1.28149
-0.409255
-0.744782
-0.218304
-0.218304
-0.219526
-0.336697
-0.336697
-0.94483
-0.94483
-0.859979
-0.957182
-1.03001
-1.03001
-1.03001
0.0540622
-1.49172
-1.49172
-1.49172
-1.49172
-1.49172
-1.49172
0.445975
0.445975
0.445975
0.445975
0.628221
0.8782
0.44144
-0.437937
-0.135713
-0.521824
-0.521824
-0.521824
0.21583
0.21583
-0.355035
-0.355035
-0.355035
-0.355035
1.12587
1.12587
1.12587
1.12587
1.12587
1.12587
1.12587
-0.479007
0.157599
0.157599
-0.756709
0.590204
0.965919
0.965919
0.965919
-0.423014
-0.423014
-0.423014
0.993142
0.478251
0.303117
0.303117
0.303117
0.303117
0.303117
0.303117
0.303117
0.303117
0.303117
-1.41954
0.107933
-1.08953
-1.08953
0.335748
-1.05354
0.622343
-0.492701
-0.684304
0.823355
0.823355
-0.0209759
0.0750143
-0.253206
-0.679986
0.922309
-0.769844
-0.689794
-0.689794
0.421214
0.421214
-0.36958
0.727803
0.400674
1.22554
-0.299007
0.731472
0.849006
-0.271482
-0.271482
-0.271482
0.0976068
0.0976068
1.12184
1.12184
-0.612962
0.819757
-0.93807
-0.93807
-0.93807
-1.67394
-1.67394
-0.00711155
0.59632
0.225975
0.225975
1.31333
0.874466
0.749801
0.392629
0.392629
0.392629
-1.13363
-0.404017
-0.442303
-0.442303
-0.442303
-0.442303
-0.946352
0.885571
-0.682409
0.911819
0.911819
0.0305499
0.0305499
0.449915
-0.0395034
0.867637
1.55117
0.935171
0.694364
0.694364
0.694364
0.694364
0.882225
0.882225
0.882225
-0.682539
-1.16162
-1.16162
-1.16162
-1.16162
-1.16162
0.655729
-0.663642
-0.663642
-0.663642
0.189956
0.553776
0.553776
-1.16116
-1.66617
-1.80925
-1.80925
-1.11049
-0.482595
0.636375
0.291716
-0.65696
-0.65696
-0.386551
-0.515383
0.0833508
0.0833508
0.0833508
-0.470235
-0.594151
0.145633
-1.26565
-1.26565
-1.26565
-1.16891
0.152386
-0.635467
1.07398
0.837604
-0.300085
-0.300085
-0.300085
-0.270212
-0.66583
-0.66583
-0.66583
-0.66583
-0.58751
0.0587589
0.0587589
0.0587589
0.160505
-1.04461
0.40692
0.40692
0.40692
0.40692
0.40692
-1.17255
-1.17255
-0.130267
-0.181658
0.30036
-1.11909
-1.00381
-1.00381
-0.569504
-0.569504
-0.569504
-0.569504
0.335406
0.335406
0.592678
0.592678
0.307191
0.307191
-0.784795
0.751407
0.751407
0.419732
0.419732
1.17228
0.170394
0.170394
-0.296508
1.29208
1.29208
1.29208
1.29208
1.6195
1.6195
1.08032
0.309862
-0.309755
-0.309755
-0.530003
-0.770839
-0.770839
-0.770839
-0.770839
-0.922381
-0.506592
-0.201358
-0.84395
-1.0006
-1.0006
-1.0006
-1.0006
-1.0006
0.239887
0.525835
0.770797
1.07206
1.07206
1.07206
0.577931
0.577931
0.577931
0.577931
1.41243
1.41243
1.41243
1.41243
-0.301731
-0.301731
-0.301731
-1.60389
-0.831445
-0.841237
-0.395284
-0.943487
0.283948
0.0992323
0.0992323
-0.439972
0.574387
0.574387
0.574387
-0.591542
-0.591542
-1.23632
0.295528
0.295528
0.200607
0.955308
0.955308
0.955308
0.955308
1.30107
0.538348
0.606509
-0.937537
-0.352594
0.118633
0.0859463
0.0859463
0.683225
-0.584388
-1.08988
-1.08988
-1.66147
-1.66147
-1.66147
-0.153327
-0.153327
0.172473
1.47548
0.621981
1.23579
0.323119
0.323119
-0.840137
-0.840137
0.821426
-0.0594782
-0.0594782
-0.0594782
-1.12901
-1.29425
-0.278973
-0.278973
-0.278973
0.584783
-0.895012
-0.895012
-0.895012
-0.895012
-1.45116
-1.90916
-1.90916
-1.90916
-1.43635
-1.03098
-1.03098
0.879771
0.879771
0.879771
0.879771
0.186356
0.10803
-0.488206
1.20711
1.20711
0.795879
0.795879
1.10835
1.10835
1.10835
-0.431619
-0.585903
0.288316
-0.305279
-0.305279
0.864516
0.523557
-0.702585
-0.702585
-1.13858
-1.13858
-1.13858
-1.13858
-1.13858
0.790764
0.204691
-0.863356
-1.36356
-0.803716
-0.803716
-0.174291
-0.174291
-0.171716
-0.911053
-0.897103
-0.897103
-0.259876
-0.259876
-1.49864
-0.0276192
-0.317197
-0.317197
0.137213
-0.346802
0.293282
0.293282
-1.37759
-1.37759
-1.37759
-0.733444
0.124081
0.124081
0.124081
1.40528
1.40528
1.37736
0.14008
0.14008
0.351248
-0.272052
-0.648361
-0.841693
-1.32449
-0.0818294
0.214627
0.590948
0.590948
0.544293
0.544293
0.544293
-0.1263
-1.44212
-0.205842
0.483381
0.483381
-0.736124
0.894721
0.894721
0.903795
-0.566622
-0.566622
-0.566622
-0.566622
-0.566622
-0.0752055
-0.871721
0.90026
-0.264979
-0.264979
-0.325472
0.420348
-1.10162
-1.10162
-0.0667348
-1.51724
-1.51724
-1.51724
0.320503
0.38237
0.574086
-1.13355
-1.19398
0.258775
0.840224
-0.707026
-0.707026
-0.707026
-0.707026
-0.127659
-0.127659
-0.888329
-0.745565
-0.745565
0.28608
-1.22424
0.187491
0.187491
0.187491
-0.431684
0.384346
-1.12031
0.081157
0.00246542
-0.58345
-0.58345
-0.806547
-0.261527
-0.261527
1.28379
0.673223
-0.330707
-1.07703
0.233093
0.963807
1.7548
1.16663
1.16663
-0.0255192
-0.21044
-0.21044
1.17615
0.773271
-0.825933
-0.825933
-0.122835
-0.122835
0.61306
0.61306
0.61306
1.1078
0.363931
0.363931
1.07858
1.07858
1.07858
-0.40447
0.241213
0.241213
-0.285157
0.849791
0.345742
0.345742
-0.342805
0.313408
0.772024
0.580637
0.580637
0.580637
0.699093
0.699093
1.61103
1.61103
0.191235
0.187958
0.187958
-1.32174
-1.32174
-0.750549
-0.659369
-0.2599
0.974036
-0.462054
-1.45095
-1.45095
-1.45095
-1.45095
-1.45095
-1.45095
-1.45095
0.398202
-0.930885
0.375794
-0.897282
-1.0287
-1.0287
-1.0287
-0.0483634
0.0323553
-0.80146
-0.80146
-0.210913
-1.33035
-1.33035
-1.33035
-1.33035
-0.856844
-1.591
-1.591
-1.591
-1.591
-0.894737
0.324104
-1.16226
-1.16226
-1.09675
-0.0900944
0.347255
0.986843
-0.559769
-0.0263171
-0.810811
0.589764
0.167594
0.190891
-0.987298
-0.522793
1.41777
1.16545
-0.606211
0.491169
0.491169
0.131528
-0.430877
0.191087
-1.45149
-1.45149
-0.653097
0.851131
0.851131
0.851131
0.559816
0.559816
-0.529294
-0.463584
0.550929
0.550929
0.550929
0.550929
0.550929
0.550929
1.62523
1.62523
1.62523
0.592971
0.898309
0.898309
0.898309
-1.01077
-1.01077
-0.0432212
0.872982
0.872982
0.872982
1.65999
1.65999
1.98596
2.04552
1.07187
0.642257
0.0544084
0.0544084
0.0544084
1.18247
-0.589459
-0.589459
0.320566
-0.358126
-0.358126
-0.783326
-0.783326
-0.783326
-0.273007
-0.394789
-0.394789
0.868814
-0.594393
-0.500364
0.319277
-0.380924
-0.689181
-1.36008
-1.11501
0.197933
0.349388
0.439504
0.927665
-1.02631
0.742292
-0.606172
0.889708
-0.844271
-0.622395
-0.622395
-0.845274
-0.845274
-0.730387
0.521379
-0.355117
-0.355117
0.351152
-0.0339411
0.114301
0.285444
-0.575823
-0.575823
0.915083
0.915083
0.268306
0.268306
-0.473116
0.433295
-0.880448
0.923232
-0.147026
-0.147026
-0.147026
-0.0904902
-0.0904902
0.447213
0.447213
-0.8229
0.367572
1.36974
1.47884
1.52805
1.52805
1.52805
1.52805
0.61161
-0.00114808
-0.874381
-0.874381
-0.602695
-0.602695
0.508078
0.508078
0.508078
-0.753962
0.900362
-0.130502
0.547731
0.270005
0.270005
0.270005
-0.932781
-0.932781
-0.961758
0.784119
0.784119
0.784119
0.784119
0.784119
0.371611
-0.102069
-0.542443
-0.542443
-0.959463
-0.959463
-0.959463
-0.959463
-0.770463
-0.576158
-0.576158
-0.768222
1.17266
1.17266
-0.325526
-0.168967
-0.168967
-0.168967
-0.168967
-0.168967
-1.58924
0.28059
-0.760221
-0.760221
0.218366
-0.433866
-0.433866
-0.433866
-0.433866
-0.433866
-0.531434
-0.531434
1.35242
2.03205
0.138833
0.138833
0.138833
0.87237
0.383551
-0.769794
0.88311
0.850438
-1.04182
-1.04182
0.153239
-0.531544
-0.945807
-0.945807
0.742423
-0.487248
0.457805
0.977447
0.977447
-0.480624
-0.480624
0.596908
0.596908
-0.438561
-0.438561
-1.74031
-1.74031
-0.18348
-0.18348
-0.18348
0.376866
0.376866
0.965175
-0.0400713
-0.753638
0.19551
0.836102
0.836102
0.836102
0.836102
0.836102
1.70031
1.36482
1.36482
1.36482
0.611758
-0.0913639
-0.0913639
0.292826
1.08994
-0.836936
0.937165
0.937165
0.914624
0.52476
0.52476
-0.435808
-0.918632
-0.918632
-0.918632
-0.528185
-0.528185
-1.15771
-0.126056
-0.047169
-0.783689
0.891169
-0.358393
-0.358393
-0.731932
0.497661
0.497661
0.497661
-0.0862235
-0.923121
-0.923121
0.413238
0.848237
0.747254
-0.117498
-1.36317
-0.673759
-0.510007
-0.475108
-0.977189
0.0413351
-1.46631
-1.46631
-0.909785
-0.909785
-0.510998
0.163591
0.163591
0.163591
0.0287123
0.0287123
0.0287123
0.335929
-0.473843
1.35017
0.872371
0.872371
0.505575
-0.882857
-0.882857
0.582152
-0.63867
-0.508727
1.2985
1.2985
1.2985
1.32245
-0.00519077
-0.00519077
-0.00519077
-0.0460422
0.424959
0.424959
0.559451
-0.108322
-0.275066
-0.275066
-0.275066
-0.275066
0.360592
-1.23733
-1.03453
-1.03453
-1.03453
-0.780758
1.03183
1.18179
0.485637
0.251081
0.251081
-1.13686
-1.13686
-0.797425
-0.797425
0.459953
0.459953
0.459953
1.41203
-0.249036
-0.249036
-0.397326
-0.397326
-1.09116
-1.09116
-1.09116
0.842578
2.0175
0.987605
0.696535
1.09001
1.09001
-0.461909
-0.101614
-0.246684
-0.246684
0.0121753
-0.117285
-0.263217
0.594415
0.594415
-0.293701
-0.293701
-0.293701
0.704745
-0.937923
0.0318318
-1.52212
-1.52212
0.316935
0.365304
0.648368
1.14831
0.847285
1.36377
1.36377
1.36377
0.417121
0.417121
-0.887031
-0.584533
1.18346
1.29689
1.57172
1.57172
1.57172
-0.0122381
-0.956936
-0.415751
-1.68143
-0.840383
-0.840383
-0.84952
-0.84952
0.341417
-1.00021
-0.942019
-0.402464
0.808722
-1.00669
-0.00900617
0.599007
1.57842
1.57842
0.515635
1.03077
-0.326745
-0.326745
-0.326745
-0.383917
0.235753
0.235753
0.41146
0.41146
0.901304
0.901304
0.774102
0.774102
0.774102
0.62795
0.62795
0.62795
0.62795
1.35882
1.35882
1.63362
0.692003
0.33814
0.590134
0.590134
0.590134
-0.0975459
-1.12618
-0.525272
0.891234
0.891234
-0.913589
0.961117
0.281655
0.281655
-0.875131
-1.41113
-0.283533
-1.64761
-1.2428
-1.2428
-1.2428
-0.0146558
-0.0146558
-0.0146558
-0.0146558
-0.0146558
-0.0146558
0.89602
0.89602
0.89602
0.89602
0.89602
0.0243663
-0.608505
-0.620265
-1.09902
-1.09902
-1.22528
-1.22528
-0.0267981
0.328553
0.925374
-0.0278198
-1.30113
0.336706
0.00235535
-0.749808
-0.749808
0.993321
-0.88806
-0.88806
-0.0535128
0.682016
0.682016
0.870887
0.589846
0.251133
0.251133
0.251133
0.251133
0.251133
-1.00358
0.717742
0.717742
-0.0701865
-0.0701865
-0.122012
-0.122012
-0.837719
-0.837719
0.791327
-0.936886
0.901922
-1.03368
0.167205
0.167205
-0.891415
-0.891415
-0.375948
-0.375948
-0.375948
-0.734106
0.420606
0.0484021
-0.0781162
-0.166925
-0.166925
-0.166925
-0.166925
-0.166925
-0.719207
0.342465
-0.16894
-1.46408
-1.40729
-1.5494
-1.5494
-1.5494
0.223916
0.223116
-0.84072
-0.84072
-1.39202
-1.39202
-0.397373
-0.425222
-0.892059
-0.892059
-0.892059
0.203322
-0.823926
-0.23719
0.198866
-0.579042
-0.579042
-0.579042
-0.332025
0.573045
0.573045
-0.592409
-0.434777
-0.0524361
-0.993018
-0.993018
-0.993018
0.813283
1.14188
1.16586
1.16586
0.587104
0.587104
1.04285
1.12141
1.12141
0.407803
-0.613154
-1.06486
0.247175
0.247175
0.904327
-0.0186768
1.68757
0.800789
0.800789
-0.82301
-0.82301
1.09868
0.601658
0.806783
0.806783
-0.668075
-0.237719
-0.237719
-0.237719
-0.237719
0.214812
0.214812
-0.791459
-0.791459
-0.996979
0.221242
-1.26372
-0.507342
-1.20619
0.388386
-0.634147
-0.212149
-0.646632
-0.646632
0.498141
0.498141
-1.36868
-1.36868
-1.36868
-0.628343
1.1639
1.1639
0.524009
-0.410458
0.56687
-0.995388
-0.0103196
-0.0103196
-0.0103196
-0.0103196
-0.409835
-0.409835
0.97875
0.97875
-0.84496
0.652118
0.652118
0.652118
-1.11116
-1.11116
0.544565
0.57015
-0.571202
0.433786
0.433786
0.524374
0.890514
0.890514
0.0791695
-0.72046
-0.72046
-0.854848
-0.854848
-0.854848
-0.233242
-0.233242
-0.798527
1.0756
-0.847263
0.419946
0.546727
0.029229
0.029229
0.029229
-1.23277
-0.361904
-0.361904
-0.316913
-0.316913
-0.316913
-0.316913
0.696097
1.11708
1.11708
1.01653
0.460274
1.14747
1.14747
1.14747
-0.28168
-0.639266
-0.639266
-0.639266
-0.639266
-0.639266
0.0123099
0.0123099
0.0123099
0.323083
0.499309
-0.424338
-0.967077
-0.967077
-0.268699
1.06948
1.06948
0.676847
1.03739
1.00511
1.00511
1.00511
1.13471
1.13471
-0.697494
-1.22929
0.390266
0.390266
0.390266
0.588292
0.588292
0.588292
-0.903178
-0.674442
-0.886825
0.527485
0.527485
0.527485
0.174286
1.21073
1.33927
1.33927
1.33927
1.33927
0.328291
-0.188209
-0.975792
-0.975792
-0.814381
0.271117
-0.0335216
0.307885
0.307885
0.307885
0.307885
0.307885
1.16745
0.659357
-0.0662028
-0.731768
-0.731768
-0.525748
-0.588467
-0.929037
0.173384
0.173384
0.173384
0.173384
-1.18181
-1.18181
-1.18181
0.164153
0.164153
0.454799
0.454799
0.454799
-1.05788
-1.05788
-1.07739
-1.07739
-1.07739
-0.909165
-0.100449
-0.924162
0.0297555
0.0297555
0.0272475
0.0272475
0.377426
0.377426
-0.997675
-0.997675
-0.997675
-0.407955
0.710083
-0.00291932
-0.582368
-0.582368
-0.966265
-1.62009
0.100073
-0.573843
-0.573843
-0.573843
-1.43839
-1.43839
0.149497
-0.726409
-0.726409
-0.120259
-0.120259
-0.120259
-1.06217
0.656013
0.656013
0.656013
0.656013
1.20641
-0.71064
0.143313
0.143313
0.912815
0.912815
-0.404378
-1.12689
-1.12689
-0.80634
-0.80634
-0.80634
-0.330376
0.704531
-0.882511
-0.748851
-1.43309
-1.43309
-1.43309
-1.43309
-1.43309
0.171612
-1.02232
-0.564329
-0.550947
0.787471
-0.837614
0.683678
0.683678
0.564294
0.564294
0.564294
0.564294
0.564294
0.564294
0.564294
0.564294
0.564294
0.265481
-1.03984
-1.03984
0.320857
0.360439
-0.779144
-1.06439
-0.141817
-1.44964
0.274615
0.274615
-1.18132
-1.18132
-1.36154
-1.36154
-1.36154
-1.02043
-0.86992
-0.518353
0.63863
0.63863
0.63863
-0.463223
1.34512
1.34512
1.34512
0.367252
-0.226501
0.710827
-0.618712
-0.443787
0.292769
-1.044
-1.044
-1.044
-1.044
-1.15073
-1.15073
-0.751179
-0.941722
-0.941722
0.163673
-0.195645
1.23518
0.430018
-0.988003
-0.808977
-0.808977
-0.597345
0.361187
0.361187
0.361187
0.476566
0.640776
1.8963
0.688527
0.688527
0.62989
0.62989
0.62989
0.882732
0.800616
-0.458163
-0.280852
-0.428228
-0.663093
-0.0609082
-0.0609082
0.765627
0.765627
0.765627
-0.393099
-0.408291
-0.195211
-0.195211
-0.857801
-0.307396
-0.349604
-0.349604
0.853989
0.297687
0.297687
0.297687
-1.05799
-0.504812
-0.185601
-0.185601
-0.209774
-0.209774
0.0357804
0.784159
0.784159
0.404964
-0.490578
-0.212594
-1.21571
-1.21571
-0.570692
-0.570692
-0.570692
-0.269145
-0.269145
-0.269145
0.0395709
0.71264
0.0915492
0.0915492
-0.612242
0.606912
0.606912
-0.238198
-0.238198
-0.238198
-0.238198
-0.238198
-0.633927
-0.569458
-0.569458
1.20901
1.20901
1.20901
1.20901
-0.611453
-0.611453
-0.611453
-0.611453
-0.819786
-0.819786
0.951726
0.920864
0.920864
-0.890304
-0.0662778
0.802898
-0.196694
-0.196694
0.698214
-1.07361
-1.07361
-1.07361
-0.0625415
-0.943008
-0.659321
-0.633594
0.428346
0.428346
0.0611913
-0.921939
-0.661869
0.388388
-0.0301678
-0.0301678
-0.0301678
-0.0301678
-0.0301678
-0.0301678
0.914491
-0.421553
-0.421553
-0.421553
-0.926381
-0.449028
-0.449028
-0.421527
-0.421527
0.437786
-0.351077
-0.351077
-0.351077
-0.351077
-0.351077
0.856638
-0.655878
0.501335
0.501335
-0.696022
-0.19465
0.976888
1.07017
1.07017
1.07017
1.07017
0.302856
-0.867512
-0.784356
0.433698
0.433698
0.063543
0.063543
0.063543
-0.144537
-0.352828
0.895609
0.895609
-0.674607
0.152314
1.45747
1.47008
0.0258679
-0.185492
-0.760669
0.469238
-0.395359
0.12707
0.12707
0.0239539
0.355756
0.355756
-0.386438
-0.00953889
-0.703005
-0.164781
0.72257
0.72257
0.72257
-0.299372
-0.299372
-1.18248
-1.18248
-0.24681
-1.26704
-0.256031
-0.256031
-0.598132
-0.994507
-0.212746
-0.852974
0.884974
0.485138
1.16378
1.16378
1.16378
1.16378
1.16378
1.16378
1.16378
0.57512
-0.356112
-1.2819
-1.2819
-1.2819
0.0102842
0.05223
-0.945887
-0.558804
0.204819
0.204819
0.177709
-0.998292
0.948566
0.948566
0.948566
-0.569231
-1.29966
-0.836277
-0.836277
-0.836277
0.0606032
1.04587
0.37904
1.35211
1.35211
